shape_id,shape_pt_lat,shape_pt_lon,shape_pt_sequence,LINK_ID,osmid,shstRefId
940001,44.95018,-93.085111,20002,337079,262493259,3539b59273a9af7e37335404f8552345
940001,44.950558,-93.085474,20003,337079,262493259,3539b59273a9af7e37335404f8552345
940001,44.950786,-93.085689,20004,15113,"18220154,262493259",
940001,44.950862,-93.085784,20005,15113,"18220154,262493259",
940001,44.950895,-93.085844,20006,15113,"18220154,262493259",
940001,44.950904,-93.085891,20007,15113,"18220154,262493259",
940001,44.950907,-93.085938,20008,15113,"18220154,262493259",
940001,44.95088,-93.086042,20009,15113,"18220154,262493259",
940001,44.95081,-93.086213,20010,185177,420761664,db69f8492a9726521dcd53e6b009d9bb
940001,44.950611,-93.086592,20011,185177,420761664,db69f8492a9726521dcd53e6b009d9bb
940001,44.950459,-93.086913,20012,97011,197617331,5171c98ecddec94f2f7688e0886e3495
940001,44.950459,-93.086913,30001,97011,197617331,5171c98ecddec94f2f7688e0886e3495
940001,44.95007,-93.087734,30002,97011,197617331,5171c98ecddec94f2f7688e0886e3495
940001,44.94951500000001,-93.088904,30003,167801,223371530,0a45c62c0f96da70346309dea24bb853
940001,44.949325,-93.089306,30004,149010,223371529,22256deb8288a47efa42ea8ae6849285
940001,44.949325,-93.089306,40001,149010,223371529,22256deb8288a47efa42ea8ae6849285
940001,44.948867,-93.090276,40002,78754,223371529,a140e2a333e0ba278ccab11cbee5056a
940001,44.94853300000001,-93.090975,40003,78754,223371529,a140e2a333e0ba278ccab11cbee5056a
940001,44.94853300000001,-93.090975,50001,78754,223371529,a140e2a333e0ba278ccab11cbee5056a
940001,44.948224,-93.09162,50002,78754,223371529,a140e2a333e0ba278ccab11cbee5056a
940001,44.94763,-93.092863,50003,85208,223371528,f89fec3332dd503f754dc5adde048fa3
940001,44.947151,-93.093873,50004,85208,223371528,f89fec3332dd503f754dc5adde048fa3
940001,44.947151,-93.093873,60001,85208,223371528,f89fec3332dd503f754dc5adde048fa3
940001,44.947102,-93.093976,60002,85208,223371528,f89fec3332dd503f754dc5adde048fa3
940001,44.946498,-93.095242,60003,154035,637912019,23f4bf6121c4220c46c530eb95664cb4
940001,44.946239,-93.095787,60004,94516,18210226,4313d91b9ce4bb47dea617021ab2e4ed
940001,44.946239,-93.095787,70001,94516,18210226,4313d91b9ce4bb47dea617021ab2e4ed
940001,44.945951,-93.096391,70002,151634,18210226,da1e0455cad9752b977334e3bb82f720
940001,44.946027,-93.09647,70003,151634,18210226,da1e0455cad9752b977334e3bb82f720
940001,44.946042,-93.096574,70004,94499,18210226,f9829448a152abb7c7a12221ae5fcdea
940001,44.946051,-93.096705,70005,94499,18210226,f9829448a152abb7c7a12221ae5fcdea
940001,44.94605900000001,-93.096851,70006,94499,18210226,f9829448a152abb7c7a12221ae5fcdea
940001,44.946086,-93.097271,70007,8429,18210226,07e8166d3324927600cb3cd4dd904705
940001,44.946086,-93.097271,80001,8429,18210226,07e8166d3324927600cb3cd4dd904705
940001,44.946094,-93.097399,80002,8429,18210226,07e8166d3324927600cb3cd4dd904705
940001,44.946249,-93.098967,80003,94511,637665499,5459165722fd515a31d11200618993ac
940001,44.946249,-93.098967,90001,94511,637665499,5459165722fd515a31d11200618993ac
940001,44.946305,-93.099545,90002,94511,637665499,5459165722fd515a31d11200618993ac
940001,44.946383,-93.10035,90003,223808,637665499,c338711358058453d6697ef5b98ca664
940001,44.946428,-93.10065,90004,223804,296597951,fe1c42a65b5a9803ca7a6c770443b684
940001,44.946462,-93.100897,90005,94512,199132251,e168a97e71520ea7d075cba0aa53f857
940001,44.946575,-93.102054,90006,94512,199132251,e168a97e71520ea7d075cba0aa53f857
940001,44.946611,-93.102326,90007,390942,"18207914,81023373,81023374,81023376,39565592,39662493,39662494",f5d79ca4bc4863b9b2036089ee5c30ce
940001,44.947248,-93.103303,90008,390942,"18207914,81023373,81023374,81023376,39565592,39662493,39662494",f5d79ca4bc4863b9b2036089ee5c30ce
940001,44.947892,-93.104237,90009,390942,"18207914,81023373,81023374,81023376,39565592,39662493,39662494",f5d79ca4bc4863b9b2036089ee5c30ce
940001,44.948014,-93.104424,90010,390942,"18207914,81023373,81023374,81023376,39565592,39662493,39662494",f5d79ca4bc4863b9b2036089ee5c30ce
940001,44.948136,-93.104616,90011,390942,"18207914,81023373,81023374,81023376,39565592,39662493,39662494",f5d79ca4bc4863b9b2036089ee5c30ce
940001,44.948265,-93.104827,90012,390942,"18207914,81023373,81023374,81023376,39565592,39662493,39662494",f5d79ca4bc4863b9b2036089ee5c30ce
940001,44.948375,-93.105041,90013,390942,"18207914,81023373,81023374,81023376,39565592,39662493,39662494",f5d79ca4bc4863b9b2036089ee5c30ce
940001,44.948725,-93.105738,90014,390942,"18207914,81023373,81023374,81023376,39565592,39662493,39662494",f5d79ca4bc4863b9b2036089ee5c30ce
940001,44.949231,-93.106573,90015,390942,"18207914,81023373,81023374,81023376,39565592,39662493,39662494",f5d79ca4bc4863b9b2036089ee5c30ce
940001,44.949459,-93.106919,90016,390942,"18207914,81023373,81023374,81023376,39565592,39662493,39662494",f5d79ca4bc4863b9b2036089ee5c30ce
940001,44.949701,-93.107166,90017,390942,"18207914,81023373,81023374,81023376,39565592,39662493,39662494",f5d79ca4bc4863b9b2036089ee5c30ce
940001,44.949823,-93.10725,90018,390942,"18207914,81023373,81023374,81023376,39565592,39662493,39662494",f5d79ca4bc4863b9b2036089ee5c30ce
940001,44.949947,-93.107312,90019,390942,"18207914,81023373,81023374,81023376,39565592,39662493,39662494",f5d79ca4bc4863b9b2036089ee5c30ce
940001,44.950082,-93.107334,90020,390942,"18207914,81023373,81023374,81023376,39565592,39662493,39662494",f5d79ca4bc4863b9b2036089ee5c30ce
940001,44.950385,-93.107336,90021,390942,"18207914,81023373,81023374,81023376,39565592,39662493,39662494",f5d79ca4bc4863b9b2036089ee5c30ce
940001,44.950513,-93.107368,90022,390942,"18207914,81023373,81023374,81023376,39565592,39662493,39662494",f5d79ca4bc4863b9b2036089ee5c30ce
940001,44.950588,-93.107403,90023,390942,"18207914,81023373,81023374,81023376,39565592,39662493,39662494",f5d79ca4bc4863b9b2036089ee5c30ce
940001,44.950692,-93.107451,90024,390942,"18207914,81023373,81023374,81023376,39565592,39662493,39662494",f5d79ca4bc4863b9b2036089ee5c30ce
940001,44.950781,-93.10751,90025,390942,"18207914,81023373,81023374,81023376,39565592,39662493,39662494",f5d79ca4bc4863b9b2036089ee5c30ce
940001,44.950902,-93.107636,90026,390942,"18207914,81023373,81023374,81023376,39565592,39662493,39662494",f5d79ca4bc4863b9b2036089ee5c30ce
940001,44.951019,-93.107801,90027,390942,"18207914,81023373,81023374,81023376,39565592,39662493,39662494",f5d79ca4bc4863b9b2036089ee5c30ce
940001,44.951102,-93.107967,90028,390942,"18207914,81023373,81023374,81023376,39565592,39662493,39662494",f5d79ca4bc4863b9b2036089ee5c30ce
940001,44.951157,-93.108113,90029,390942,"18207914,81023373,81023374,81023376,39565592,39662493,39662494",f5d79ca4bc4863b9b2036089ee5c30ce
940001,44.951198,-93.108287,90030,390942,"18207914,81023373,81023374,81023376,39565592,39662493,39662494",f5d79ca4bc4863b9b2036089ee5c30ce
940001,44.951218,-93.108433,90031,390942,"18207914,81023373,81023374,81023376,39565592,39662493,39662494",f5d79ca4bc4863b9b2036089ee5c30ce
940001,44.95122,-93.10863,90032,390942,"18207914,81023373,81023374,81023376,39565592,39662493,39662494",f5d79ca4bc4863b9b2036089ee5c30ce
940001,44.951146,-93.109714,90033,390942,"18207914,81023373,81023374,81023376,39565592,39662493,39662494",f5d79ca4bc4863b9b2036089ee5c30ce
940001,44.951086,-93.110745,90034,390942,"18207914,81023373,81023374,81023376,39565592,39662493,39662494",f5d79ca4bc4863b9b2036089ee5c30ce
940001,44.951057,-93.11165,90035,390942,"18207914,81023373,81023374,81023376,39565592,39662493,39662494",f5d79ca4bc4863b9b2036089ee5c30ce
940001,44.951053,-93.112295,90036,390942,"18207914,81023373,81023374,81023376,39565592,39662493,39662494",f5d79ca4bc4863b9b2036089ee5c30ce
940001,44.951029,-93.113104,90037,390942,"18207914,81023373,81023374,81023376,39565592,39662493,39662494",f5d79ca4bc4863b9b2036089ee5c30ce
940001,44.951031,-93.113129,90038,390942,"18207914,81023373,81023374,81023376,39565592,39662493,39662494",f5d79ca4bc4863b9b2036089ee5c30ce
940001,44.951113,-93.114088,90039,401372,118479876,15818e812ef4ffdfa50e3be537bc6116
940001,44.95131,-93.115537,90040,401372,118479876,15818e812ef4ffdfa50e3be537bc6116
940001,44.951669,-93.118822,90041,401447,118479876,57606c1170caafe8d0a10290dfb69a5d
940001,44.951797,-93.120357,90042,401447,118479876,57606c1170caafe8d0a10290dfb69a5d
940001,44.951855,-93.121474,90043,401484,118479876,d699893601c5031a5ff984c87c5c65ae
940001,44.951807,-93.125888,90044,401484,118479876,d699893601c5031a5ff984c87c5c65ae
940001,44.951799,-93.13093,90045,401484,118479876,d699893601c5031a5ff984c87c5c65ae
940001,44.951797,-93.131836,90046,401484,118479876,d699893601c5031a5ff984c87c5c65ae
940001,44.951828000000006,-93.134423,90047,401484,118479876,d699893601c5031a5ff984c87c5c65ae
940001,44.951849,-93.139212,90048,390344,118479876,b98b18dd9e9938ebad462008286f12d1
940001,44.95183,-93.141248,90049,390344,118479876,b98b18dd9e9938ebad462008286f12d1
940001,44.951808,-93.145798,90050,390906,118479876,19f9aaca8a36631b1b6f6e1b5afddd21
940001,44.951852,-93.151089,90051,390592,118479876,d5625e158c409df1dcf95117b99bf39b
940001,44.951854,-93.151365,90052,390882,"76535448,118479876",0adf5f62383ff99cbdd58e9b42d36279
940001,44.95187,-93.153753,90053,390882,"76535448,118479876",0adf5f62383ff99cbdd58e9b42d36279
940001,44.951854,-93.156998,90054,390882,"76535448,118479876",0adf5f62383ff99cbdd58e9b42d36279
940001,44.951806,-93.159421,90055,398173,118479819,9e9a24e588679faaaa791a80e10ebfa9
940001,44.95175,-93.161515,90056,398173,118479819,9e9a24e588679faaaa791a80e10ebfa9
940001,44.951753,-93.163111,90057,398173,118479819,9e9a24e588679faaaa791a80e10ebfa9
940001,44.951737,-93.164714,90058,398173,118479819,9e9a24e588679faaaa791a80e10ebfa9
940001,44.951721,-93.166612,90059,398173,118479819,9e9a24e588679faaaa791a80e10ebfa9
940001,44.951781,-93.169083,90060,398173,118479819,9e9a24e588679faaaa791a80e10ebfa9
940001,44.951952,-93.173056,90061,398173,118479819,9e9a24e588679faaaa791a80e10ebfa9
940001,44.952002,-93.174818,90062,398153,"74215747,74215701,118479814",d86508b4de4154b20ddc721d0b3b0a46
940001,44.952008,-93.176183,90063,398153,"74215747,74215701,118479814",d86508b4de4154b20ddc721d0b3b0a46
940001,44.951982,-93.177186,90064,398153,"74215747,74215701,118479814",d86508b4de4154b20ddc721d0b3b0a46
940001,44.952031,-93.178304,90065,398153,"74215747,74215701,118479814",d86508b4de4154b20ddc721d0b3b0a46
940001,44.952061,-93.178839,90066,398153,"74215747,74215701,118479814",d86508b4de4154b20ddc721d0b3b0a46
940001,44.952108,-93.179268,90067,398153,"74215747,74215701,118479814",d86508b4de4154b20ddc721d0b3b0a46
940001,44.952161,-93.179653,90068,398153,"74215747,74215701,118479814",d86508b4de4154b20ddc721d0b3b0a46
940001,44.952241,-93.180096,90069,398153,"74215747,74215701,118479814",d86508b4de4154b20ddc721d0b3b0a46
940001,44.952349,-93.180558,90070,398153,"74215747,74215701,118479814",d86508b4de4154b20ddc721d0b3b0a46
940001,44.95245300000001,-93.180967,90071,398153,"74215747,74215701,118479814",d86508b4de4154b20ddc721d0b3b0a46
940001,44.952661,-93.181653,90072,398153,"74215747,74215701,118479814",d86508b4de4154b20ddc721d0b3b0a46
940001,44.952973,-93.182568,90073,398153,"74215747,74215701,118479814",d86508b4de4154b20ddc721d0b3b0a46
940001,44.954051,-93.185952,90074,398153,"74215747,74215701,118479814",d86508b4de4154b20ddc721d0b3b0a46
940001,44.954916,-93.188508,90075,392627,74215701,609acc86a8c4b627c3380b8b1128f226
940001,44.957798,-93.196865,90076,392627,74215701,609acc86a8c4b627c3380b8b1128f226
940001,44.95794,-93.197225,90077,392627,74215701,609acc86a8c4b627c3380b8b1128f226
940001,44.958078,-93.197544,90078,392627,74215701,609acc86a8c4b627c3380b8b1128f226
940001,44.95818,-93.197735,90079,392627,74215701,609acc86a8c4b627c3380b8b1128f226
940001,44.958319,-93.19801,90080,392627,74215701,609acc86a8c4b627c3380b8b1128f226
940001,44.95844,-93.198223,90081,392627,74215701,609acc86a8c4b627c3380b8b1128f226
940001,44.958758,-93.198758,90082,392627,74215701,609acc86a8c4b627c3380b8b1128f226
940001,44.959758,-93.200372,90083,392629,"35277796,35277797,118479785,74215804,188344251,35277788,35277790",a59f90e024e6dd5e924c47a2b9a7eec5
940001,44.95995300000001,-93.200759,90084,392629,"35277796,35277797,118479785,74215804,188344251,35277788,35277790",a59f90e024e6dd5e924c47a2b9a7eec5
940001,44.960049,-93.200974,90085,392629,"35277796,35277797,118479785,74215804,188344251,35277788,35277790",a59f90e024e6dd5e924c47a2b9a7eec5
940001,44.960124,-93.201202,90086,392629,"35277796,35277797,118479785,74215804,188344251,35277788,35277790",a59f90e024e6dd5e924c47a2b9a7eec5
940001,44.960182,-93.201366,90087,392629,"35277796,35277797,118479785,74215804,188344251,35277788,35277790",a59f90e024e6dd5e924c47a2b9a7eec5
940001,44.960265,-93.201664,90088,392629,"35277796,35277797,118479785,74215804,188344251,35277788,35277790",a59f90e024e6dd5e924c47a2b9a7eec5
940001,44.960348,-93.202033,90089,392629,"35277796,35277797,118479785,74215804,188344251,35277788,35277790",a59f90e024e6dd5e924c47a2b9a7eec5
940001,44.960407,-93.202417,90090,392629,"35277796,35277797,118479785,74215804,188344251,35277788,35277790",a59f90e024e6dd5e924c47a2b9a7eec5
940001,44.960452,-93.203042,90091,392629,"35277796,35277797,118479785,74215804,188344251,35277788,35277790",a59f90e024e6dd5e924c47a2b9a7eec5
940001,44.96044000000001,-93.20359,90092,392629,"35277796,35277797,118479785,74215804,188344251,35277788,35277790",a59f90e024e6dd5e924c47a2b9a7eec5
940001,44.960383,-93.204202,90093,392629,"35277796,35277797,118479785,74215804,188344251,35277788,35277790",a59f90e024e6dd5e924c47a2b9a7eec5
940001,44.960313,-93.204774,90094,392629,"35277796,35277797,118479785,74215804,188344251,35277788,35277790",a59f90e024e6dd5e924c47a2b9a7eec5
940001,44.960011,-93.207021,90095,392629,"35277796,35277797,118479785,74215804,188344251,35277788,35277790",a59f90e024e6dd5e924c47a2b9a7eec5
940001,44.959991,-93.207395,90096,392629,"35277796,35277797,118479785,74215804,188344251,35277788,35277790",a59f90e024e6dd5e924c47a2b9a7eec5
940001,44.960002,-93.207746,90097,392629,"35277796,35277797,118479785,74215804,188344251,35277788,35277790",a59f90e024e6dd5e924c47a2b9a7eec5
940001,44.960023,-93.208107,90098,392629,"35277796,35277797,118479785,74215804,188344251,35277788,35277790",a59f90e024e6dd5e924c47a2b9a7eec5
940001,44.960067,-93.208445,90099,392629,"35277796,35277797,118479785,74215804,188344251,35277788,35277790",a59f90e024e6dd5e924c47a2b9a7eec5
940001,44.960188,-93.20898,90100,392629,"35277796,35277797,118479785,74215804,188344251,35277788,35277790",a59f90e024e6dd5e924c47a2b9a7eec5
940001,44.960586,-93.210021,90101,382969,188344251,43e2d82b6a3e569570af4baa9254ba7e
940001,44.960775,-93.21033,90102,382969,188344251,43e2d82b6a3e569570af4baa9254ba7e
940001,44.961277,-93.21111,90103,382969,188344251,43e2d82b6a3e569570af4baa9254ba7e
940001,44.961704,-93.21182,90104,382969,188344251,43e2d82b6a3e569570af4baa9254ba7e
940001,44.962399,-93.212856,90105,382969,188344251,43e2d82b6a3e569570af4baa9254ba7e
940001,44.962938,-93.213533,90106,382969,188344251,43e2d82b6a3e569570af4baa9254ba7e
940001,44.965722,-93.217089,90107,382969,188344251,43e2d82b6a3e569570af4baa9254ba7e
940001,44.966095,-93.217645,90108,382969,188344251,43e2d82b6a3e569570af4baa9254ba7e
940001,44.966368,-93.218101,90109,382969,188344251,43e2d82b6a3e569570af4baa9254ba7e
940001,44.96683400000001,-93.219259,90110,411922,"637976934,22749909,637911918",eb8c229b41bf38833c02514c9ce48f43
940001,44.966901,-93.219456,90111,411922,"637976934,22749909,637911918",eb8c229b41bf38833c02514c9ce48f43
940001,44.966982,-93.219766,90112,411922,"637976934,22749909,637911918",eb8c229b41bf38833c02514c9ce48f43
940001,44.967304,-93.220741,90113,411922,"637976934,22749909,637911918",eb8c229b41bf38833c02514c9ce48f43
940001,44.967492,-93.221341,90114,411922,"637976934,22749909,637911918",eb8c229b41bf38833c02514c9ce48f43
940001,44.967535,-93.22146,90115,411922,"637976934,22749909,637911918",eb8c229b41bf38833c02514c9ce48f43
940001,44.967537,-93.221685,90116,411922,"637976934,22749909,637911918",eb8c229b41bf38833c02514c9ce48f43
940001,44.967536,-93.221848,90117,411922,"637976934,22749909,637911918",eb8c229b41bf38833c02514c9ce48f43
940001,44.966638,-93.225095,100005,411921,"188344251,46817676",04f32f7329c6be1ad5c6d0b4570fa43e
940001,44.96627700000001,-93.225895,100006,411921,"188344251,46817676",04f32f7329c6be1ad5c6d0b4570fa43e
940001,44.965083,-93.228427,100007,411031,"46817680,46817674,46817676",d892929efda207713e3c693338b26750
940001,44.96497,-93.228726,100008,411031,"46817680,46817674,46817676",d892929efda207713e3c693338b26750
940001,44.964826,-93.229127,100009,411063,"46817680,46817679",b1c93ca80377d9ea5a0cd5de2cbe8341
940001,44.964789,-93.22922,100010,411063,"46817680,46817679",b1c93ca80377d9ea5a0cd5de2cbe8341
940001,44.964671,-93.229667,100011,411063,"46817680,46817679",b1c93ca80377d9ea5a0cd5de2cbe8341
940001,44.964629,-93.229883,100012,411063,"46817680,46817679",b1c93ca80377d9ea5a0cd5de2cbe8341
940001,44.9645,-93.230586,100013,411063,"46817680,46817679",b1c93ca80377d9ea5a0cd5de2cbe8341
940001,44.964446,-93.231268,100014,411063,"46817680,46817679",b1c93ca80377d9ea5a0cd5de2cbe8341
940001,44.964423,-93.232192,100015,411063,"46817680,46817679",b1c93ca80377d9ea5a0cd5de2cbe8341
940001,44.964385,-93.234618,100016,411063,"46817680,46817679",b1c93ca80377d9ea5a0cd5de2cbe8341
940001,44.964413,-93.240537,100017,411063,"46817680,46817679",b1c93ca80377d9ea5a0cd5de2cbe8341
940001,44.964421,-93.241842,100018,381624,183239678,2db5c3daca77daadd61aa2ed6747e647
940001,44.964478,-93.242559,100019,381624,183239678,2db5c3daca77daadd61aa2ed6747e647
940001,44.964567,-93.243138,100020,381626,183239680,96a659f6ee5dcfaf5a0a451a2bbfa817
940001,44.964714,-93.243877,100021,381626,183239680,96a659f6ee5dcfaf5a0a451a2bbfa817
940001,44.96491,-93.244789,100022,381626,183239680,96a659f6ee5dcfaf5a0a451a2bbfa817
940001,44.965111,-93.245357,100023,381626,183239680,96a659f6ee5dcfaf5a0a451a2bbfa817
940001,44.965331,-93.245912,100024,381626,183239680,96a659f6ee5dcfaf5a0a451a2bbfa817
940001,44.965586,-93.246495,100025,381626,183239680,96a659f6ee5dcfaf5a0a451a2bbfa817
940001,44.965868,-93.247164,100026,407848,"334741415,334741416,334741418,426325231,46639673,46639674,46639678",e03c496af3b63a284bc238ff852881ea
940001,44.966087,-93.247766,100027,407848,"334741415,334741416,334741418,426325231,46639673,46639674,46639678",e03c496af3b63a284bc238ff852881ea
940001,44.966208,-93.248243,100028,407848,"334741415,334741416,334741418,426325231,46639673,46639674,46639678",e03c496af3b63a284bc238ff852881ea
940001,44.966382,-93.248797,100029,407848,"334741415,334741416,334741418,426325231,46639673,46639674,46639678",e03c496af3b63a284bc238ff852881ea
940001,44.966547,-93.249549,100030,407848,"334741415,334741416,334741418,426325231,46639673,46639674,46639678",e03c496af3b63a284bc238ff852881ea
940001,44.966694,-93.250252,100031,407848,"334741415,334741416,334741418,426325231,46639673,46639674,46639678",e03c496af3b63a284bc238ff852881ea
940001,44.966805,-93.250806,100032,407848,"334741415,334741416,334741418,426325231,46639673,46639674,46639678",e03c496af3b63a284bc238ff852881ea
940001,44.966951,-93.251093,100033,407848,"334741415,334741416,334741418,426325231,46639673,46639674,46639678",e03c496af3b63a284bc238ff852881ea
940001,44.967192,-93.251447,100034,407848,"334741415,334741416,334741418,426325231,46639673,46639674,46639678",e03c496af3b63a284bc238ff852881ea
940001,44.967415,-93.251622,100035,407848,"334741415,334741416,334741418,426325231,46639673,46639674,46639678",e03c496af3b63a284bc238ff852881ea
940001,44.968085,-93.252168,100036,407848,"334741415,334741416,334741418,426325231,46639673,46639674,46639678",e03c496af3b63a284bc238ff852881ea
940001,44.968638,-93.252876,100037,407848,"334741415,334741416,334741418,426325231,46639673,46639674,46639678",e03c496af3b63a284bc238ff852881ea
940001,44.969007,-93.253649,100038,407848,"334741415,334741416,334741418,426325231,46639673,46639674,46639678",e03c496af3b63a284bc238ff852881ea
940001,44.969389,-93.254562,100039,407848,"334741415,334741416,334741418,426325231,46639673,46639674,46639678",e03c496af3b63a284bc238ff852881ea
940001,44.969544,-93.254927,100040,411150,461209912,96c441afd075268537826d88224dae69
940001,44.96996,-93.255906,100041,411081,461209912,18b93a3fd45ce0475cf3845930e27859
940001,44.970544,-93.257265,100042,411130,636434043,0f6c34f91b436d05bf97a9677e57e52e
940001,44.971077,-93.258508,100043,411130,636434043,0f6c34f91b436d05bf97a9677e57e52e
940001,44.971077,-93.258508,110001,411130,636434043,0f6c34f91b436d05bf97a9677e57e52e
940001,44.971124,-93.258618,110002,411130,636434043,0f6c34f91b436d05bf97a9677e57e52e
940001,44.971641,-93.259882,110003,401678,636434043,fe7ebce514ab2e93ea482c7012d56446
940001,44.971641,-93.259882,120001,401678,636434043,fe7ebce514ab2e93ea482c7012d56446
940001,44.971686,-93.259992,120002,401678,636434043,fe7ebce514ab2e93ea482c7012d56446
940001,44.972291,-93.261311,120003,399048,636535873,dc9a9115410789e41f529c104ee811cf
940001,44.972816,-93.262564,120004,399039,"636334385,637515794,492433590,461209911,492433591",4f64265f302b6e3e8ab35c80bd55ce0c
940001,44.972816,-93.262564,130001,399039,"636334385,637515794,492433590,461209911,492433591",4f64265f302b6e3e8ab35c80bd55ce0c
940001,44.972864,-93.262677,130002,399039,"636334385,637515794,492433590,461209911,492433591",4f64265f302b6e3e8ab35c80bd55ce0c
940001,44.973437,-93.264046,130003,383990,636434042,0bf015653e0e1a910c94a85d59213018
940001,44.97401,-93.265411,130004,410889,636434042,88425bf3d3087ebadf1e381e443e0170
940001,44.974149,-93.265743,130005,402047,636535778,e48a51b8ca81f34b90a2b5de514eb29c
940001,44.974149,-93.265743,140001,402047,636535778,e48a51b8ca81f34b90a2b5de514eb29c
940001,44.974583,-93.266784,140002,402047,636535778,e48a51b8ca81f34b90a2b5de514eb29c
940001,44.974893,-93.267539,140003,402066,124391473,fa5875c3964bdf458d2dad70411fd5bb
940001,44.974893,-93.267539,150001,402066,124391473,fa5875c3964bdf458d2dad70411fd5bb
940001,44.975158,-93.268184,150002,384197,124391473,3ed365b6b7d5379ff1843b3b09557746
940001,44.97547700000001,-93.268932,150003,384197,124391473,3ed365b6b7d5379ff1843b3b09557746
940001,44.97547700000001,-93.268932,160001,384197,124391473,3ed365b6b7d5379ff1843b3b09557746
940001,44.975724,-93.269513,160002,384197,124391473,3ed365b6b7d5379ff1843b3b09557746
940001,44.976297,-93.270883,160003,402679,124391473,4ae927a58445adde9a3b8eb07d3b0376
940001,44.97682,-93.272133,160004,402671,"22598298,636154174",c4be7287e5c2dafc3762db46a17577b3
940001,44.97682,-93.272133,170001,402671,"22598298,636154174",c4be7287e5c2dafc3762db46a17577b3
940001,44.976866,-93.272242,170002,402671,"22598298,636154174",c4be7287e5c2dafc3762db46a17577b3
940001,44.977989,-93.274824,170003,401951,183565975,4b64384981e8193fc1d14362aa47beea
940001,44.97831,-93.275324,170004,401951,183565975,4b64384981e8193fc1d14362aa47beea
940001,44.97831,-93.275324,180001,401951,183565975,4b64384981e8193fc1d14362aa47beea
940001,44.97876,-93.276027,180002,401951,183565975,4b64384981e8193fc1d14362aa47beea
940001,44.9796,-93.274838,180003,382868,636535817,3141936c52ff3b771d06cd9a860c7243
940001,44.980427,-93.273656,180004,385641,564751975,eeb5bac1fcac964650ed29ee2f99aed6
940001,44.981243,-93.274857,180005,63259,29042745,
940002,44.95018,-93.085111,20002,337079,262493259,3539b59273a9af7e37335404f8552345
940002,44.950558,-93.085474,20003,337079,262493259,3539b59273a9af7e37335404f8552345
940002,44.950786,-93.085689,20004,15113,"18220154,262493259",
940002,44.950862,-93.085784,20005,15113,"18220154,262493259",
940002,44.950895,-93.085844,20006,15113,"18220154,262493259",
940002,44.950904,-93.085891,20007,15113,"18220154,262493259",
940002,44.950907,-93.085938,20008,15113,"18220154,262493259",
940002,44.95088,-93.086042,20009,15113,"18220154,262493259",
940002,44.95081,-93.086213,20010,185177,420761664,db69f8492a9726521dcd53e6b009d9bb
940002,44.950611,-93.086592,20011,185177,420761664,db69f8492a9726521dcd53e6b009d9bb
940002,44.950459,-93.086913,20012,97011,197617331,5171c98ecddec94f2f7688e0886e3495
940002,44.950459,-93.086913,30001,97011,197617331,5171c98ecddec94f2f7688e0886e3495
940002,44.95007,-93.087734,30002,97011,197617331,5171c98ecddec94f2f7688e0886e3495
940002,44.94951500000001,-93.088904,30003,167801,223371530,0a45c62c0f96da70346309dea24bb853
940002,44.949325,-93.089306,30004,149010,223371529,22256deb8288a47efa42ea8ae6849285
940002,44.949325,-93.089306,40001,149010,223371529,22256deb8288a47efa42ea8ae6849285
940002,44.948867,-93.090276,40002,78754,223371529,a140e2a333e0ba278ccab11cbee5056a
940002,44.94853300000001,-93.090975,40003,78754,223371529,a140e2a333e0ba278ccab11cbee5056a
940002,44.94853300000001,-93.090975,50001,78754,223371529,a140e2a333e0ba278ccab11cbee5056a
940002,44.948224,-93.09162,50002,78754,223371529,a140e2a333e0ba278ccab11cbee5056a
940002,44.94763,-93.092863,50003,85208,223371528,f89fec3332dd503f754dc5adde048fa3
940002,44.947151,-93.093873,50004,85208,223371528,f89fec3332dd503f754dc5adde048fa3
940002,44.947151,-93.093873,60001,85208,223371528,f89fec3332dd503f754dc5adde048fa3
940002,44.947102,-93.093976,60002,85208,223371528,f89fec3332dd503f754dc5adde048fa3
940002,44.946498,-93.095242,60003,154035,637912019,23f4bf6121c4220c46c530eb95664cb4
940002,44.946239,-93.095787,60004,94516,18210226,4313d91b9ce4bb47dea617021ab2e4ed
940002,44.946239,-93.095787,70001,94516,18210226,4313d91b9ce4bb47dea617021ab2e4ed
940002,44.945951,-93.096391,70002,151634,18210226,da1e0455cad9752b977334e3bb82f720
940002,44.946027,-93.09647,70003,151634,18210226,da1e0455cad9752b977334e3bb82f720
940002,44.946042,-93.096574,70004,94499,18210226,f9829448a152abb7c7a12221ae5fcdea
940002,44.946051,-93.096705,70005,94499,18210226,f9829448a152abb7c7a12221ae5fcdea
940002,44.94605900000001,-93.096851,70006,94499,18210226,f9829448a152abb7c7a12221ae5fcdea
940002,44.946086,-93.097271,70007,8429,18210226,07e8166d3324927600cb3cd4dd904705
940002,44.946086,-93.097271,80001,8429,18210226,07e8166d3324927600cb3cd4dd904705
940002,44.946094,-93.097399,80002,8429,18210226,07e8166d3324927600cb3cd4dd904705
940002,44.946249,-93.098967,80003,94511,637665499,5459165722fd515a31d11200618993ac
940002,44.946249,-93.098967,90001,94511,637665499,5459165722fd515a31d11200618993ac
940002,44.946305,-93.099545,90002,94511,637665499,5459165722fd515a31d11200618993ac
940002,44.946383,-93.10035,90003,223808,637665499,c338711358058453d6697ef5b98ca664
940002,44.946428,-93.10065,90004,223804,296597951,fe1c42a65b5a9803ca7a6c770443b684
940002,44.946462,-93.100897,90005,94512,199132251,e168a97e71520ea7d075cba0aa53f857
940002,44.946575,-93.102054,90006,94512,199132251,e168a97e71520ea7d075cba0aa53f857
940002,44.946611,-93.102326,90007,390942,"18207914,81023373,81023374,81023376,39565592,39662493,39662494",f5d79ca4bc4863b9b2036089ee5c30ce
940002,44.947248,-93.103303,90008,390942,"18207914,81023373,81023374,81023376,39565592,39662493,39662494",f5d79ca4bc4863b9b2036089ee5c30ce
940002,44.947892,-93.104237,90009,390942,"18207914,81023373,81023374,81023376,39565592,39662493,39662494",f5d79ca4bc4863b9b2036089ee5c30ce
940002,44.948014,-93.104424,90010,390942,"18207914,81023373,81023374,81023376,39565592,39662493,39662494",f5d79ca4bc4863b9b2036089ee5c30ce
940002,44.948136,-93.104616,90011,390942,"18207914,81023373,81023374,81023376,39565592,39662493,39662494",f5d79ca4bc4863b9b2036089ee5c30ce
940002,44.948265,-93.104827,90012,390942,"18207914,81023373,81023374,81023376,39565592,39662493,39662494",f5d79ca4bc4863b9b2036089ee5c30ce
940002,44.948375,-93.105041,90013,390942,"18207914,81023373,81023374,81023376,39565592,39662493,39662494",f5d79ca4bc4863b9b2036089ee5c30ce
940002,44.948725,-93.105738,90014,390942,"18207914,81023373,81023374,81023376,39565592,39662493,39662494",f5d79ca4bc4863b9b2036089ee5c30ce
940002,44.949231,-93.106573,90015,390942,"18207914,81023373,81023374,81023376,39565592,39662493,39662494",f5d79ca4bc4863b9b2036089ee5c30ce
940002,44.949459,-93.106919,90016,390942,"18207914,81023373,81023374,81023376,39565592,39662493,39662494",f5d79ca4bc4863b9b2036089ee5c30ce
940002,44.949701,-93.107166,90017,390942,"18207914,81023373,81023374,81023376,39565592,39662493,39662494",f5d79ca4bc4863b9b2036089ee5c30ce
940002,44.949823,-93.10725,90018,390942,"18207914,81023373,81023374,81023376,39565592,39662493,39662494",f5d79ca4bc4863b9b2036089ee5c30ce
940002,44.949947,-93.107312,90019,390942,"18207914,81023373,81023374,81023376,39565592,39662493,39662494",f5d79ca4bc4863b9b2036089ee5c30ce
940002,44.950082,-93.107334,90020,390942,"18207914,81023373,81023374,81023376,39565592,39662493,39662494",f5d79ca4bc4863b9b2036089ee5c30ce
940002,44.950385,-93.107336,90021,390942,"18207914,81023373,81023374,81023376,39565592,39662493,39662494",f5d79ca4bc4863b9b2036089ee5c30ce
940002,44.950513,-93.107368,90022,390942,"18207914,81023373,81023374,81023376,39565592,39662493,39662494",f5d79ca4bc4863b9b2036089ee5c30ce
940002,44.950588,-93.107403,90023,390942,"18207914,81023373,81023374,81023376,39565592,39662493,39662494",f5d79ca4bc4863b9b2036089ee5c30ce
940002,44.950692,-93.107451,90024,390942,"18207914,81023373,81023374,81023376,39565592,39662493,39662494",f5d79ca4bc4863b9b2036089ee5c30ce
940002,44.950781,-93.10751,90025,390942,"18207914,81023373,81023374,81023376,39565592,39662493,39662494",f5d79ca4bc4863b9b2036089ee5c30ce
940002,44.950902,-93.107636,90026,390942,"18207914,81023373,81023374,81023376,39565592,39662493,39662494",f5d79ca4bc4863b9b2036089ee5c30ce
940002,44.951019,-93.107801,90027,390942,"18207914,81023373,81023374,81023376,39565592,39662493,39662494",f5d79ca4bc4863b9b2036089ee5c30ce
940002,44.951102,-93.107967,90028,390942,"18207914,81023373,81023374,81023376,39565592,39662493,39662494",f5d79ca4bc4863b9b2036089ee5c30ce
940002,44.951157,-93.108113,90029,390942,"18207914,81023373,81023374,81023376,39565592,39662493,39662494",f5d79ca4bc4863b9b2036089ee5c30ce
940002,44.951198,-93.108287,90030,390942,"18207914,81023373,81023374,81023376,39565592,39662493,39662494",f5d79ca4bc4863b9b2036089ee5c30ce
940002,44.951218,-93.108433,90031,390942,"18207914,81023373,81023374,81023376,39565592,39662493,39662494",f5d79ca4bc4863b9b2036089ee5c30ce
940002,44.95122,-93.10863,90032,390942,"18207914,81023373,81023374,81023376,39565592,39662493,39662494",f5d79ca4bc4863b9b2036089ee5c30ce
940002,44.951146,-93.109714,90033,390942,"18207914,81023373,81023374,81023376,39565592,39662493,39662494",f5d79ca4bc4863b9b2036089ee5c30ce
940002,44.951086,-93.110745,90034,390942,"18207914,81023373,81023374,81023376,39565592,39662493,39662494",f5d79ca4bc4863b9b2036089ee5c30ce
940002,44.951057,-93.11165,90035,390942,"18207914,81023373,81023374,81023376,39565592,39662493,39662494",f5d79ca4bc4863b9b2036089ee5c30ce
940002,44.951053,-93.112295,90036,390942,"18207914,81023373,81023374,81023376,39565592,39662493,39662494",f5d79ca4bc4863b9b2036089ee5c30ce
940002,44.951029,-93.113104,90037,390942,"18207914,81023373,81023374,81023376,39565592,39662493,39662494",f5d79ca4bc4863b9b2036089ee5c30ce
940002,44.951031,-93.113129,90038,390942,"18207914,81023373,81023374,81023376,39565592,39662493,39662494",f5d79ca4bc4863b9b2036089ee5c30ce
940002,44.951113,-93.114088,90039,401372,118479876,15818e812ef4ffdfa50e3be537bc6116
940002,44.95131,-93.115537,90040,401372,118479876,15818e812ef4ffdfa50e3be537bc6116
940002,44.951669,-93.118822,90041,401447,118479876,57606c1170caafe8d0a10290dfb69a5d
940002,44.951797,-93.120357,90042,401447,118479876,57606c1170caafe8d0a10290dfb69a5d
940002,44.951855,-93.121474,90043,401484,118479876,d699893601c5031a5ff984c87c5c65ae
940002,44.951807,-93.125888,90044,401484,118479876,d699893601c5031a5ff984c87c5c65ae
940002,44.951799,-93.13093,90045,401484,118479876,d699893601c5031a5ff984c87c5c65ae
940002,44.951797,-93.131836,90046,401484,118479876,d699893601c5031a5ff984c87c5c65ae
940002,44.951828000000006,-93.134423,90047,401484,118479876,d699893601c5031a5ff984c87c5c65ae
940002,44.951849,-93.139212,90048,390344,118479876,b98b18dd9e9938ebad462008286f12d1
940002,44.95183,-93.141248,90049,390344,118479876,b98b18dd9e9938ebad462008286f12d1
940002,44.951808,-93.145798,90050,390906,118479876,19f9aaca8a36631b1b6f6e1b5afddd21
940002,44.951852,-93.151089,90051,390592,118479876,d5625e158c409df1dcf95117b99bf39b
940002,44.951854,-93.151365,90052,390882,"76535448,118479876",0adf5f62383ff99cbdd58e9b42d36279
940002,44.95187,-93.153753,90053,390882,"76535448,118479876",0adf5f62383ff99cbdd58e9b42d36279
940002,44.951854,-93.156998,90054,390882,"76535448,118479876",0adf5f62383ff99cbdd58e9b42d36279
940002,44.951806,-93.159421,90055,398173,118479819,9e9a24e588679faaaa791a80e10ebfa9
940002,44.95175,-93.161515,90056,398173,118479819,9e9a24e588679faaaa791a80e10ebfa9
940002,44.951753,-93.163111,90057,398173,118479819,9e9a24e588679faaaa791a80e10ebfa9
940002,44.951737,-93.164714,90058,398173,118479819,9e9a24e588679faaaa791a80e10ebfa9
940002,44.951721,-93.166612,90059,398173,118479819,9e9a24e588679faaaa791a80e10ebfa9
940002,44.951781,-93.169083,90060,398173,118479819,9e9a24e588679faaaa791a80e10ebfa9
940002,44.951952,-93.173056,90061,398173,118479819,9e9a24e588679faaaa791a80e10ebfa9
940002,44.952002,-93.174818,90062,398153,"74215747,74215701,118479814",d86508b4de4154b20ddc721d0b3b0a46
940002,44.952008,-93.176183,90063,398153,"74215747,74215701,118479814",d86508b4de4154b20ddc721d0b3b0a46
940002,44.951982,-93.177186,90064,398153,"74215747,74215701,118479814",d86508b4de4154b20ddc721d0b3b0a46
940002,44.952031,-93.178304,90065,398153,"74215747,74215701,118479814",d86508b4de4154b20ddc721d0b3b0a46
940002,44.952061,-93.178839,90066,398153,"74215747,74215701,118479814",d86508b4de4154b20ddc721d0b3b0a46
940002,44.952108,-93.179268,90067,398153,"74215747,74215701,118479814",d86508b4de4154b20ddc721d0b3b0a46
940002,44.952161,-93.179653,90068,398153,"74215747,74215701,118479814",d86508b4de4154b20ddc721d0b3b0a46
940002,44.952241,-93.180096,90069,398153,"74215747,74215701,118479814",d86508b4de4154b20ddc721d0b3b0a46
940002,44.952349,-93.180558,90070,398153,"74215747,74215701,118479814",d86508b4de4154b20ddc721d0b3b0a46
940002,44.95245300000001,-93.180967,90071,398153,"74215747,74215701,118479814",d86508b4de4154b20ddc721d0b3b0a46
940002,44.952661,-93.181653,90072,398153,"74215747,74215701,118479814",d86508b4de4154b20ddc721d0b3b0a46
940002,44.952973,-93.182568,90073,398153,"74215747,74215701,118479814",d86508b4de4154b20ddc721d0b3b0a46
940002,44.954051,-93.185952,90074,398153,"74215747,74215701,118479814",d86508b4de4154b20ddc721d0b3b0a46
940002,44.954916,-93.188508,90075,392627,74215701,609acc86a8c4b627c3380b8b1128f226
940002,44.957798,-93.196865,90076,392627,74215701,609acc86a8c4b627c3380b8b1128f226
940002,44.95794,-93.197225,90077,392627,74215701,609acc86a8c4b627c3380b8b1128f226
940002,44.958078,-93.197544,90078,392627,74215701,609acc86a8c4b627c3380b8b1128f226
940002,44.95818,-93.197735,90079,392627,74215701,609acc86a8c4b627c3380b8b1128f226
940002,44.958319,-93.19801,90080,392627,74215701,609acc86a8c4b627c3380b8b1128f226
940002,44.95844,-93.198223,90081,392627,74215701,609acc86a8c4b627c3380b8b1128f226
940002,44.958758,-93.198758,90082,392627,74215701,609acc86a8c4b627c3380b8b1128f226
940002,44.959758,-93.200372,90083,392629,"35277796,35277797,118479785,74215804,188344251,35277788,35277790",a59f90e024e6dd5e924c47a2b9a7eec5
940002,44.95995300000001,-93.200759,90084,392629,"35277796,35277797,118479785,74215804,188344251,35277788,35277790",a59f90e024e6dd5e924c47a2b9a7eec5
940002,44.960049,-93.200974,90085,392629,"35277796,35277797,118479785,74215804,188344251,35277788,35277790",a59f90e024e6dd5e924c47a2b9a7eec5
940002,44.960124,-93.201202,90086,392629,"35277796,35277797,118479785,74215804,188344251,35277788,35277790",a59f90e024e6dd5e924c47a2b9a7eec5
940002,44.960182,-93.201366,90087,392629,"35277796,35277797,118479785,74215804,188344251,35277788,35277790",a59f90e024e6dd5e924c47a2b9a7eec5
940002,44.960265,-93.201664,90088,392629,"35277796,35277797,118479785,74215804,188344251,35277788,35277790",a59f90e024e6dd5e924c47a2b9a7eec5
940002,44.960348,-93.202033,90089,392629,"35277796,35277797,118479785,74215804,188344251,35277788,35277790",a59f90e024e6dd5e924c47a2b9a7eec5
940002,44.960407,-93.202417,90090,392629,"35277796,35277797,118479785,74215804,188344251,35277788,35277790",a59f90e024e6dd5e924c47a2b9a7eec5
940002,44.960452,-93.203042,90091,392629,"35277796,35277797,118479785,74215804,188344251,35277788,35277790",a59f90e024e6dd5e924c47a2b9a7eec5
940002,44.96044000000001,-93.20359,90092,392629,"35277796,35277797,118479785,74215804,188344251,35277788,35277790",a59f90e024e6dd5e924c47a2b9a7eec5
940002,44.960383,-93.204202,90093,392629,"35277796,35277797,118479785,74215804,188344251,35277788,35277790",a59f90e024e6dd5e924c47a2b9a7eec5
940002,44.960313,-93.204774,90094,392629,"35277796,35277797,118479785,74215804,188344251,35277788,35277790",a59f90e024e6dd5e924c47a2b9a7eec5
940002,44.960011,-93.207021,90095,392629,"35277796,35277797,118479785,74215804,188344251,35277788,35277790",a59f90e024e6dd5e924c47a2b9a7eec5
940002,44.959991,-93.207395,90096,392629,"35277796,35277797,118479785,74215804,188344251,35277788,35277790",a59f90e024e6dd5e924c47a2b9a7eec5
940002,44.960002,-93.207746,90097,392629,"35277796,35277797,118479785,74215804,188344251,35277788,35277790",a59f90e024e6dd5e924c47a2b9a7eec5
940002,44.960023,-93.208107,90098,392629,"35277796,35277797,118479785,74215804,188344251,35277788,35277790",a59f90e024e6dd5e924c47a2b9a7eec5
940002,44.960067,-93.208445,90099,392629,"35277796,35277797,118479785,74215804,188344251,35277788,35277790",a59f90e024e6dd5e924c47a2b9a7eec5
940002,44.960188,-93.20898,90100,392629,"35277796,35277797,118479785,74215804,188344251,35277788,35277790",a59f90e024e6dd5e924c47a2b9a7eec5
940002,44.960586,-93.210021,90101,382969,188344251,43e2d82b6a3e569570af4baa9254ba7e
940002,44.960775,-93.21033,90102,382969,188344251,43e2d82b6a3e569570af4baa9254ba7e
940002,44.961277,-93.21111,90103,382969,188344251,43e2d82b6a3e569570af4baa9254ba7e
940002,44.961704,-93.21182,90104,382969,188344251,43e2d82b6a3e569570af4baa9254ba7e
940002,44.962399,-93.212856,90105,382969,188344251,43e2d82b6a3e569570af4baa9254ba7e
940002,44.962938,-93.213533,90106,382969,188344251,43e2d82b6a3e569570af4baa9254ba7e
940002,44.965722,-93.217089,90107,382969,188344251,43e2d82b6a3e569570af4baa9254ba7e
940002,44.966095,-93.217645,90108,382969,188344251,43e2d82b6a3e569570af4baa9254ba7e
940002,44.966368,-93.218101,90109,382969,188344251,43e2d82b6a3e569570af4baa9254ba7e
940002,44.96683400000001,-93.219259,90110,411921,"188344251,46817676",04f32f7329c6be1ad5c6d0b4570fa43e
940002,44.966901,-93.219456,90111,411921,"188344251,46817676",04f32f7329c6be1ad5c6d0b4570fa43e
940002,44.966982,-93.219766,90112,411921,"188344251,46817676",04f32f7329c6be1ad5c6d0b4570fa43e
940002,44.967111,-93.220412,90113,411921,"188344251,46817676",04f32f7329c6be1ad5c6d0b4570fa43e
940002,44.96724,-93.221032,90114,411921,"188344251,46817676",04f32f7329c6be1ad5c6d0b4570fa43e
940002,44.967298,-93.221523,90115,411921,"188344251,46817676",04f32f7329c6be1ad5c6d0b4570fa43e
940002,44.967306,-93.222005,90116,411921,"188344251,46817676",04f32f7329c6be1ad5c6d0b4570fa43e
940002,44.967282,-93.222596,90117,411921,"188344251,46817676",04f32f7329c6be1ad5c6d0b4570fa43e
940002,44.967119,-93.223542,90118,411921,"188344251,46817676",04f32f7329c6be1ad5c6d0b4570fa43e
940002,44.966996,-93.224005,90119,411921,"188344251,46817676",04f32f7329c6be1ad5c6d0b4570fa43e
940002,44.966638,-93.225095,90120,411921,"188344251,46817676",04f32f7329c6be1ad5c6d0b4570fa43e
940002,44.96627700000001,-93.225895,90121,411921,"188344251,46817676",04f32f7329c6be1ad5c6d0b4570fa43e
940002,44.965083,-93.228427,90122,411031,"46817680,46817674,46817676",d892929efda207713e3c693338b26750
940002,44.96497,-93.228726,90123,411031,"46817680,46817674,46817676",d892929efda207713e3c693338b26750
940002,44.964826,-93.229127,90124,411063,"46817680,46817679",b1c93ca80377d9ea5a0cd5de2cbe8341
940002,44.964739,-93.229667,90125,411063,"46817680,46817679",b1c93ca80377d9ea5a0cd5de2cbe8341
940002,44.964676,-93.229976,90126,411063,"46817680,46817679",b1c93ca80377d9ea5a0cd5de2cbe8341
940002,44.964606,-93.230538,90127,411063,"46817680,46817679",b1c93ca80377d9ea5a0cd5de2cbe8341
940002,44.964572,-93.231159,90128,411063,"46817680,46817679",b1c93ca80377d9ea5a0cd5de2cbe8341
940002,44.964551,-93.237706,90133,411063,"46817680,46817679",b1c93ca80377d9ea5a0cd5de2cbe8341
940002,44.96455200000001,-93.238835,90134,411063,"46817680,46817679",b1c93ca80377d9ea5a0cd5de2cbe8341
940002,44.964413,-93.240537,90135,411063,"46817680,46817679",b1c93ca80377d9ea5a0cd5de2cbe8341
940002,44.964421,-93.241842,90136,381624,183239678,2db5c3daca77daadd61aa2ed6747e647
940002,44.964478,-93.242559,90137,381624,183239678,2db5c3daca77daadd61aa2ed6747e647
940002,44.964567,-93.243138,90138,381626,183239680,96a659f6ee5dcfaf5a0a451a2bbfa817
940002,44.964714,-93.243877,90139,381626,183239680,96a659f6ee5dcfaf5a0a451a2bbfa817
940002,44.96491,-93.244789,90140,381626,183239680,96a659f6ee5dcfaf5a0a451a2bbfa817
940002,44.965111,-93.245357,90141,381626,183239680,96a659f6ee5dcfaf5a0a451a2bbfa817
940002,44.965331,-93.245912,90142,381626,183239680,96a659f6ee5dcfaf5a0a451a2bbfa817
940002,44.965586,-93.246495,90143,381626,183239680,96a659f6ee5dcfaf5a0a451a2bbfa817
940002,44.965868,-93.247164,90144,407848,"334741415,334741416,334741418,426325231,46639673,46639674,46639678",e03c496af3b63a284bc238ff852881ea
940002,44.966087,-93.247766,90145,407848,"334741415,334741416,334741418,426325231,46639673,46639674,46639678",e03c496af3b63a284bc238ff852881ea
940002,44.966208,-93.248243,90146,407848,"334741415,334741416,334741418,426325231,46639673,46639674,46639678",e03c496af3b63a284bc238ff852881ea
940002,44.966382,-93.248797,90147,407848,"334741415,334741416,334741418,426325231,46639673,46639674,46639678",e03c496af3b63a284bc238ff852881ea
940002,44.966547,-93.249549,90148,407848,"334741415,334741416,334741418,426325231,46639673,46639674,46639678",e03c496af3b63a284bc238ff852881ea
940002,44.966694,-93.250252,90149,407848,"334741415,334741416,334741418,426325231,46639673,46639674,46639678",e03c496af3b63a284bc238ff852881ea
940002,44.966805,-93.250806,90150,407848,"334741415,334741416,334741418,426325231,46639673,46639674,46639678",e03c496af3b63a284bc238ff852881ea
940002,44.966951,-93.251093,90151,407848,"334741415,334741416,334741418,426325231,46639673,46639674,46639678",e03c496af3b63a284bc238ff852881ea
940002,44.967192,-93.251447,90152,407848,"334741415,334741416,334741418,426325231,46639673,46639674,46639678",e03c496af3b63a284bc238ff852881ea
940002,44.967415,-93.251622,90153,407848,"334741415,334741416,334741418,426325231,46639673,46639674,46639678",e03c496af3b63a284bc238ff852881ea
940002,44.968085,-93.252168,90154,407848,"334741415,334741416,334741418,426325231,46639673,46639674,46639678",e03c496af3b63a284bc238ff852881ea
940002,44.968638,-93.252876,90155,407848,"334741415,334741416,334741418,426325231,46639673,46639674,46639678",e03c496af3b63a284bc238ff852881ea
940002,44.969007,-93.253649,90156,407848,"334741415,334741416,334741418,426325231,46639673,46639674,46639678",e03c496af3b63a284bc238ff852881ea
940002,44.969389,-93.254562,90157,407848,"334741415,334741416,334741418,426325231,46639673,46639674,46639678",e03c496af3b63a284bc238ff852881ea
940002,44.969544,-93.254927,90158,411150,461209912,96c441afd075268537826d88224dae69
940002,44.96996,-93.255906,90159,411081,461209912,18b93a3fd45ce0475cf3845930e27859
940002,44.970544,-93.257265,90160,411130,636434043,0f6c34f91b436d05bf97a9677e57e52e
940002,44.971077,-93.258508,90161,411130,636434043,0f6c34f91b436d05bf97a9677e57e52e
940002,44.971077,-93.258508,100001,411130,636434043,0f6c34f91b436d05bf97a9677e57e52e
940002,44.971124,-93.258618,100002,411130,636434043,0f6c34f91b436d05bf97a9677e57e52e
940002,44.971641,-93.259882,100003,401678,636434043,fe7ebce514ab2e93ea482c7012d56446
940002,44.971641,-93.259882,110001,401678,636434043,fe7ebce514ab2e93ea482c7012d56446
940002,44.971686,-93.259992,110002,401678,636434043,fe7ebce514ab2e93ea482c7012d56446
940002,44.972291,-93.261311,110003,399048,636535873,dc9a9115410789e41f529c104ee811cf
940002,44.972816,-93.262564,110004,399039,"636334385,637515794,492433590,461209911,492433591",4f64265f302b6e3e8ab35c80bd55ce0c
940002,44.972816,-93.262564,120001,399039,"636334385,637515794,492433590,461209911,492433591",4f64265f302b6e3e8ab35c80bd55ce0c
940002,44.972864,-93.262677,120002,399039,"636334385,637515794,492433590,461209911,492433591",4f64265f302b6e3e8ab35c80bd55ce0c
940002,44.973437,-93.264046,120003,383990,636434042,0bf015653e0e1a910c94a85d59213018
940002,44.97401,-93.265411,120004,410889,636434042,88425bf3d3087ebadf1e381e443e0170
940002,44.974149,-93.265743,120005,402047,636535778,e48a51b8ca81f34b90a2b5de514eb29c
940002,44.974149,-93.265743,130001,402047,636535778,e48a51b8ca81f34b90a2b5de514eb29c
940002,44.974583,-93.266784,130002,402047,636535778,e48a51b8ca81f34b90a2b5de514eb29c
940002,44.974893,-93.267539,130003,402066,124391473,fa5875c3964bdf458d2dad70411fd5bb
940002,44.974893,-93.267539,140001,402066,124391473,fa5875c3964bdf458d2dad70411fd5bb
940002,44.975158,-93.268184,140002,384197,124391473,3ed365b6b7d5379ff1843b3b09557746
940002,44.97547700000001,-93.268932,140003,384197,124391473,3ed365b6b7d5379ff1843b3b09557746
940002,44.97547700000001,-93.268932,150001,384197,124391473,3ed365b6b7d5379ff1843b3b09557746
940002,44.975724,-93.269513,150002,384197,124391473,3ed365b6b7d5379ff1843b3b09557746
940002,44.976297,-93.270883,150003,402679,124391473,4ae927a58445adde9a3b8eb07d3b0376
940002,44.97682,-93.272133,150004,402671,"22598298,636154174",c4be7287e5c2dafc3762db46a17577b3
940002,44.97682,-93.272133,160001,402671,"22598298,636154174",c4be7287e5c2dafc3762db46a17577b3
940002,44.976866,-93.272242,160002,402671,"22598298,636154174",c4be7287e5c2dafc3762db46a17577b3
940002,44.977989,-93.274824,160003,401951,183565975,4b64384981e8193fc1d14362aa47beea
940002,44.97831,-93.275324,160004,401951,183565975,4b64384981e8193fc1d14362aa47beea
940002,44.97831,-93.275324,170001,401951,183565975,4b64384981e8193fc1d14362aa47beea
940002,44.97876,-93.276027,170002,401951,183565975,4b64384981e8193fc1d14362aa47beea
940002,44.9796,-93.274838,170003,382868,636535817,3141936c52ff3b771d06cd9a860c7243
940002,44.980427,-93.273656,170004,385641,564751975,eeb5bac1fcac964650ed29ee2f99aed6
940002,44.981243,-93.274857,170005,63259,29042745,
940004,44.981062,-93.275291,10001,273345,"30062760,30062761,6038394,139633363",0e8fffbaf1be5566435c1110dd3ab3f3
940004,44.980998,-93.275201,10002,273345,"30062760,30062761,6038394,139633363",0e8fffbaf1be5566435c1110dd3ab3f3
940004,44.98095900000001,-93.275255,10003,273345,"30062760,30062761,6038394,139633363",0e8fffbaf1be5566435c1110dd3ab3f3
940004,44.980439,-93.275976,10004,273345,"30062760,30062761,6038394,139633363",0e8fffbaf1be5566435c1110dd3ab3f3
940004,44.9796,-93.274838,10005,385640,638015896,0639e6fc412b1388f92e4e80c56f3f61
940004,44.978884,-93.273821,10006,385640,638015896,0639e6fc412b1388f92e4e80c56f3f61
940004,44.978884,-93.273821,20001,385640,638015896,0639e6fc412b1388f92e4e80c56f3f61
940004,44.978795,-93.273694,20002,385640,638015896,0639e6fc412b1388f92e4e80c56f3f61
940004,44.977899,-93.271555,20003,400592,"636383841,292316652",4b54a890e0657da44596186c756458c3
940004,44.977899,-93.271555,30001,400592,"636383841,292316652",4b54a890e0657da44596186c756458c3
940004,44.977849,-93.271436,30002,400592,"636383841,292316652",4b54a890e0657da44596186c756458c3
940004,44.977262,-93.270057,30003,402663,6027555,db98696d8223ff3c9b28d6afce9fdc69
940004,44.976704,-93.268705,30004,411842,22598244,ec9c48a43d2b911c6117d3ed8531e624
940004,44.976315,-93.26777,30005,411842,22598244,ec9c48a43d2b911c6117d3ed8531e624
940004,44.976315,-93.26777,40001,411842,22598244,ec9c48a43d2b911c6117d3ed8531e624
940004,44.976144,-93.26736,40002,411842,22598244,ec9c48a43d2b911c6117d3ed8531e624
940004,44.97553900000001,-93.265972,40003,402049,556010911,26bb358709fe79c0e35b8e3524182b38
940004,44.975478,-93.265825,40004,402049,556010911,26bb358709fe79c0e35b8e3524182b38
940004,44.975478,-93.265825,50001,402049,556010911,26bb358709fe79c0e35b8e3524182b38
940004,44.974966,-93.264598,50002,402050,30477133,fcc70a4e473b4bdc30a4096e76e64ff4
940004,44.974407,-93.263259,50003,402050,30477133,fcc70a4e473b4bdc30a4096e76e64ff4
940004,44.97382,-93.261884,50004,420973,556007797,03df31b51ee4d7032e5067e2655c8b21
940004,44.973571,-93.261307,50005,420973,556007797,03df31b51ee4d7032e5067e2655c8b21
940004,44.973571,-93.261307,60001,420973,556007797,03df31b51ee4d7032e5067e2655c8b21
940004,44.973244,-93.260548,60002,399866,636535878,ae20fd4b78f5824406e06aad834dda15
940004,44.972724,-93.259245,60003,399866,636535878,ae20fd4b78f5824406e06aad834dda15
940004,44.972724,-93.259245,70001,399866,636535878,ae20fd4b78f5824406e06aad834dda15
940004,44.972679,-93.259132,70002,395564,413203598,b9bb5a88a10adb5e131eaafc032fc5eb
940004,44.972089,-93.257807,70003,395564,413203598,b9bb5a88a10adb5e131eaafc032fc5eb
940004,44.971547,-93.256536,70004,401677,413203598,d20d6029ddbf051e84c8b639af494e07
940004,44.971547,-93.256536,80001,401677,413203598,d20d6029ddbf051e84c8b639af494e07
940004,44.971499,-93.256424,80002,401676,556007796,45f692390b3a9b3b74b6b09e5328c906
940004,44.970942,-93.255085,80003,401676,556007796,45f692390b3a9b3b74b6b09e5328c906
940004,44.970349,-93.253721,80004,392495,"170997689,170997685,170997686",13f28ef9b9f95deb7235cb9de0509cd9
940004,44.970163,-93.25328,80005,392495,"170997689,170997685,170997686",13f28ef9b9f95deb7235cb9de0509cd9
940004,44.970153,-93.253259,80006,392495,"170997689,170997685,170997686",13f28ef9b9f95deb7235cb9de0509cd9
940004,44.969942,-93.252925,80007,392495,"170997689,170997685,170997686",13f28ef9b9f95deb7235cb9de0509cd9
940004,44.969868,-93.252826,80008,392495,"170997689,170997685,170997686",13f28ef9b9f95deb7235cb9de0509cd9
940004,44.96974,-93.252692,80009,392495,"170997689,170997685,170997686",13f28ef9b9f95deb7235cb9de0509cd9
940004,44.969614,-93.252547,80010,392495,"170997689,170997685,170997686",13f28ef9b9f95deb7235cb9de0509cd9
940004,44.969383,-93.25238,80011,392495,"170997689,170997685,170997686",13f28ef9b9f95deb7235cb9de0509cd9
940004,44.969093,-93.25218,80012,392495,"170997689,170997685,170997686",13f28ef9b9f95deb7235cb9de0509cd9
940004,44.968648,-93.252084,80013,392495,"170997689,170997685,170997686",13f28ef9b9f95deb7235cb9de0509cd9
940004,44.967056,-93.252056,80014,392495,"170997689,170997685,170997686",13f28ef9b9f95deb7235cb9de0509cd9
940004,44.966893,-93.252042,80015,392495,"170997689,170997685,170997686",13f28ef9b9f95deb7235cb9de0509cd9
940004,44.966697,-93.251983,80016,408440,"46639770,46639771,46639772,46639766",f5bca3390f3246c6f3a7ffb44ea4c3d0
940004,44.966456,-93.251834,80017,408440,"46639770,46639771,46639772,46639766",f5bca3390f3246c6f3a7ffb44ea4c3d0
940004,44.966264,-93.25163,80018,408440,"46639770,46639771,46639772,46639766",f5bca3390f3246c6f3a7ffb44ea4c3d0
940004,44.966205,-93.251549,80019,408440,"46639770,46639771,46639772,46639766",f5bca3390f3246c6f3a7ffb44ea4c3d0
940004,44.966134,-93.251468,80020,408440,"46639770,46639771,46639772,46639766",f5bca3390f3246c6f3a7ffb44ea4c3d0
940004,44.966037,-93.251273,80021,408440,"46639770,46639771,46639772,46639766",f5bca3390f3246c6f3a7ffb44ea4c3d0
940004,44.965932,-93.25095,80022,408440,"46639770,46639771,46639772,46639766",f5bca3390f3246c6f3a7ffb44ea4c3d0
940004,44.965875,-93.25044,80023,408440,"46639770,46639771,46639772,46639766",f5bca3390f3246c6f3a7ffb44ea4c3d0
940004,44.965884,-93.249996,80024,408440,"46639770,46639771,46639772,46639766",f5bca3390f3246c6f3a7ffb44ea4c3d0
940004,44.965899,-93.248705,80025,408440,"46639770,46639771,46639772,46639766",f5bca3390f3246c6f3a7ffb44ea4c3d0
940004,44.965876,-93.248397,80026,408440,"46639770,46639771,46639772,46639766",f5bca3390f3246c6f3a7ffb44ea4c3d0
940004,44.965811,-93.24799,80027,408440,"46639770,46639771,46639772,46639766",f5bca3390f3246c6f3a7ffb44ea4c3d0
940004,44.965623,-93.247256,80028,408440,"46639770,46639771,46639772,46639766",f5bca3390f3246c6f3a7ffb44ea4c3d0
940004,44.965605,-93.247088,80029,408440,"46639770,46639771,46639772,46639766",f5bca3390f3246c6f3a7ffb44ea4c3d0
940004,44.965498,-93.246817,80030,407854,46639137,54dd69d7c0e115f9d3ecec2a7dd50fc6
940004,44.965016,-93.245611,80031,407854,46639137,54dd69d7c0e115f9d3ecec2a7dd50fc6
940004,44.964859,-93.245193,80032,407854,46639137,54dd69d7c0e115f9d3ecec2a7dd50fc6
940004,44.964706,-93.244686,80033,407854,46639137,54dd69d7c0e115f9d3ecec2a7dd50fc6
940004,44.964606,-93.244317,80034,407854,46639137,54dd69d7c0e115f9d3ecec2a7dd50fc6
940004,44.964578,-93.2442,80035,407854,46639137,54dd69d7c0e115f9d3ecec2a7dd50fc6
940004,44.964467,-93.243741,80036,381623,183239679,9f4e472e6794642595bdefd9417dd357
940004,44.964311,-93.24262,80037,381623,183239679,9f4e472e6794642595bdefd9417dd357
940004,44.964241,-93.241708,80038,381630,"183239681,46817681,46817673,46817678",b2987dae24702745ec7f61a5de08a2e7
940004,44.964229,-93.240934,80039,381630,"183239681,46817681,46817673,46817678",b2987dae24702745ec7f61a5de08a2e7
940004,44.964226,-93.240816,80040,381630,"183239681,46817681,46817673,46817678",b2987dae24702745ec7f61a5de08a2e7
940004,44.964229,-93.236168,80041,381630,"183239681,46817681,46817673,46817678",b2987dae24702745ec7f61a5de08a2e7
940004,44.964233,-93.234875,80042,381630,"183239681,46817681,46817673,46817678",b2987dae24702745ec7f61a5de08a2e7
940004,44.964248,-93.232006,80043,381630,"183239681,46817681,46817673,46817678",b2987dae24702745ec7f61a5de08a2e7
940004,44.964277,-93.231256,80044,381630,"183239681,46817681,46817673,46817678",b2987dae24702745ec7f61a5de08a2e7
940004,44.964313,-93.230673,80045,381630,"183239681,46817681,46817673,46817678",b2987dae24702745ec7f61a5de08a2e7
940004,44.964436,-93.229909,80046,381630,"183239681,46817681,46817673,46817678",b2987dae24702745ec7f61a5de08a2e7
940004,44.964753,-93.22885,80047,381630,"183239681,46817681,46817673,46817678",b2987dae24702745ec7f61a5de08a2e7
940004,44.965107,-93.227894,80048,381630,"183239681,46817681,46817673,46817678",b2987dae24702745ec7f61a5de08a2e7
940004,44.965193,-93.227689,80049,381630,"183239681,46817681,46817673,46817678",b2987dae24702745ec7f61a5de08a2e7
940004,44.96612,-93.225747,80050,385331,"46817673,46817677",13d8945ee83744417a201208484fc35d
940004,44.966432,-93.225071,80051,385331,"46817673,46817677",13d8945ee83744417a201208484fc35d
940004,44.966667,-93.224576,80052,385331,"46817673,46817677",13d8945ee83744417a201208484fc35d
940004,44.966825,-93.224059,80053,385331,"46817673,46817677",13d8945ee83744417a201208484fc35d
940004,44.966952,-93.223505,80054,385331,"46817673,46817677",13d8945ee83744417a201208484fc35d
940004,44.967043,-93.22305,80055,385331,"46817673,46817677",13d8945ee83744417a201208484fc35d
940004,44.967102,-93.222551,80056,385331,"46817673,46817677",13d8945ee83744417a201208484fc35d
940004,44.967126,-93.222115,80057,385331,"46817673,46817677",13d8945ee83744417a201208484fc35d
940004,44.967131,-93.22166,80058,385331,"46817673,46817677",13d8945ee83744417a201208484fc35d
940004,44.967074,-93.221123,80059,385331,"46817673,46817677",13d8945ee83744417a201208484fc35d
940004,44.967016,-93.220678,80060,385331,"46817673,46817677",13d8945ee83744417a201208484fc35d
940004,44.96689600000001,-93.220131,80061,385331,"46817673,46817677",13d8945ee83744417a201208484fc35d
940004,44.966745,-93.219468,80062,385331,"46817673,46817677",13d8945ee83744417a201208484fc35d
940004,44.966704,-93.219349,80063,385331,"46817673,46817677",13d8945ee83744417a201208484fc35d
940004,44.966524,-93.218882,80064,385331,"46817673,46817677",13d8945ee83744417a201208484fc35d
940004,44.966121,-93.218062,80065,411916,"638519789,188344246",08714b8c8202d837321e9c0d8d0292ca
940004,44.965901,-93.217697,80066,411916,"638519789,188344246",08714b8c8202d837321e9c0d8d0292ca
940004,44.964895,-93.216412,80067,411916,"638519789,188344246",08714b8c8202d837321e9c0d8d0292ca
940004,44.963539,-93.214619,80068,411916,"638519789,188344246",08714b8c8202d837321e9c0d8d0292ca
940004,44.962717,-93.213655,80069,411916,"638519789,188344246",08714b8c8202d837321e9c0d8d0292ca
940004,44.962277,-93.213079,80070,411916,"638519789,188344246",08714b8c8202d837321e9c0d8d0292ca
940004,44.961891,-93.212552,80071,411916,"638519789,188344246",08714b8c8202d837321e9c0d8d0292ca
940004,44.961532,-93.21199,80072,411916,"638519789,188344246",08714b8c8202d837321e9c0d8d0292ca
940004,44.961218,-93.211469,80073,411916,"638519789,188344246",08714b8c8202d837321e9c0d8d0292ca
940004,44.960595,-93.210443,80074,411916,"638519789,188344246",08714b8c8202d837321e9c0d8d0292ca
940004,44.960097,-93.209484,80075,411916,"638519789,188344246",08714b8c8202d837321e9c0d8d0292ca
940004,44.959895,-93.208942,80076,411916,"638519789,188344246",08714b8c8202d837321e9c0d8d0292ca
940004,44.959774,-93.208585,80077,411916,"638519789,188344246",08714b8c8202d837321e9c0d8d0292ca
940004,44.95968,-93.208165,80078,411916,"638519789,188344246",08714b8c8202d837321e9c0d8d0292ca
940004,44.959629,-93.207745,80079,411916,"638519789,188344246",08714b8c8202d837321e9c0d8d0292ca
940004,44.959588,-93.207021,80080,411916,"638519789,188344246",08714b8c8202d837321e9c0d8d0292ca
940004,44.95965800000001,-93.204725,80081,406979,188344246,dcc958002ece09083107280a7f126890
940004,44.959707,-93.203268,80082,406979,188344246,dcc958002ece09083107280a7f126890
940004,44.959725,-93.20243,80083,406979,188344246,dcc958002ece09083107280a7f126890
940004,44.959716,-93.202132,80084,406979,188344246,dcc958002ece09083107280a7f126890
940004,44.95969,-93.201848,80085,406979,188344246,dcc958002ece09083107280a7f126890
940004,44.959664,-93.201624,80086,406979,188344246,dcc958002ece09083107280a7f126890
940004,44.959598,-93.201289,80087,406979,188344246,dcc958002ece09083107280a7f126890
940004,44.959539,-93.201047,80088,406979,188344246,dcc958002ece09083107280a7f126890
940004,44.95945,-93.200767,80089,406979,188344246,dcc958002ece09083107280a7f126890
940004,44.959361,-93.200515,80090,406979,188344246,dcc958002ece09083107280a7f126890
940004,44.959269,-93.200319,80091,406979,188344246,dcc958002ece09083107280a7f126890
940004,44.959128,-93.200049,80092,406979,188344246,dcc958002ece09083107280a7f126890
940004,44.958629,-93.199178,80093,392768,638015897,eecb3966db95e47829d936e4b0d656e9
940004,44.958433,-93.19882,80094,392768,638015897,eecb3966db95e47829d936e4b0d656e9
940004,44.958075,-93.198093,80095,392768,638015897,eecb3966db95e47829d936e4b0d656e9
940004,44.957798,-93.197465,80096,392768,638015897,eecb3966db95e47829d936e4b0d656e9
940004,44.957656,-93.197084,80097,392768,638015897,eecb3966db95e47829d936e4b0d656e9
940004,44.957456,-93.196496,80098,392775,118479843,097c452ae27740b5052e48450cdc6604
940004,44.956037,-93.192431,80099,392775,118479843,097c452ae27740b5052e48450cdc6604
940004,44.954724,-93.188663,80100,392775,118479843,097c452ae27740b5052e48450cdc6604
940004,44.953769,-93.185753,80101,392776,"74215707,118479843,74215711",a0c57408a56fc2ed473b8e3800f66b76
940004,44.95235200000001,-93.181282,80102,392776,"74215707,118479843,74215711",a0c57408a56fc2ed473b8e3800f66b76
940004,44.952216,-93.180777,80103,392776,"74215707,118479843,74215711",a0c57408a56fc2ed473b8e3800f66b76
940004,44.952116,-93.180352,80104,392776,"74215707,118479843,74215711",a0c57408a56fc2ed473b8e3800f66b76
940004,44.952045,-93.180038,80105,392776,"74215707,118479843,74215711",a0c57408a56fc2ed473b8e3800f66b76
940004,44.95198900000001,-93.1797,80106,392776,"74215707,118479843,74215711",a0c57408a56fc2ed473b8e3800f66b76
940004,44.951932,-93.179324,80107,392776,"74215707,118479843,74215711",a0c57408a56fc2ed473b8e3800f66b76
940004,44.951892,-93.178939,80108,392776,"74215707,118479843,74215711",a0c57408a56fc2ed473b8e3800f66b76
940004,44.951861,-93.178598,80109,392776,"74215707,118479843,74215711",a0c57408a56fc2ed473b8e3800f66b76
940004,44.951819,-93.177789,80110,392776,"74215707,118479843,74215711",a0c57408a56fc2ed473b8e3800f66b76
940004,44.951812,-93.174958,80111,392776,"74215707,118479843,74215711",a0c57408a56fc2ed473b8e3800f66b76
940004,44.951757,-93.172912,80112,398170,118479856,fd1f51c8c01c2af0c5dc5ca77287a7b3
940004,44.951757,-93.172886,80113,398170,118479856,fd1f51c8c01c2af0c5dc5ca77287a7b3
940004,44.951747,-93.171943,80114,398170,118479856,fd1f51c8c01c2af0c5dc5ca77287a7b3
940004,44.951709,-93.170701,80115,398170,118479856,fd1f51c8c01c2af0c5dc5ca77287a7b3
940004,44.951598,-93.167431,80116,398170,118479856,fd1f51c8c01c2af0c5dc5ca77287a7b3
940004,44.951581,-93.164573,80117,398170,118479856,fd1f51c8c01c2af0c5dc5ca77287a7b3
940004,44.951627,-93.161476,80118,398170,118479856,fd1f51c8c01c2af0c5dc5ca77287a7b3
940004,44.951681,-93.156997,80119,398171,"637589291,118479822",c4149ff06c854fbb0b4e67b4f3616005
940004,44.951686,-93.154665,80120,398171,"637589291,118479822",c4149ff06c854fbb0b4e67b4f3616005
940004,44.951679,-93.153793,80121,398171,"637589291,118479822",c4149ff06c854fbb0b4e67b4f3616005
940004,44.951658,-93.150962,80122,391169,35277986,602018a368c9cdaf29d181345345761e
940004,44.951641,-93.141214,80123,391206,35277986,244f8496927f80eed1fe222d8df9169b
940004,44.951656,-93.136859,80124,391206,35277986,244f8496927f80eed1fe222d8df9169b
940004,44.951615,-93.133102,80125,390239,35277986,fff8f9e688c227f5bbf0e3e79ff6aaa6
940004,44.951613,-93.130553,80126,390239,35277986,fff8f9e688c227f5bbf0e3e79ff6aaa6
940004,44.951662,-93.122433,80127,390239,35277986,fff8f9e688c227f5bbf0e3e79ff6aaa6
940004,44.951621,-93.121123,80128,390239,35277986,fff8f9e688c227f5bbf0e3e79ff6aaa6
940004,44.951592,-93.120496,80129,401491,35277986,008ebb67c74b3ebd38444650784497c1
940004,44.951563,-93.119803,80130,401508,35277986,cbc8f2dc36451141c21c08a235bdcc5d
940004,44.951531,-93.119375,80131,401508,35277986,cbc8f2dc36451141c21c08a235bdcc5d
940004,44.951497,-93.118994,80132,401508,35277986,cbc8f2dc36451141c21c08a235bdcc5d
940004,44.951393,-93.118156,80133,401508,35277986,cbc8f2dc36451141c21c08a235bdcc5d
940004,44.951122,-93.11578,80134,401508,35277986,cbc8f2dc36451141c21c08a235bdcc5d
940004,44.950979,-93.114607,80135,401511,188344365,8e9fa2dbe7fcae1bca0958ad5a7cdb34
940004,44.950868,-93.114143,80136,401511,188344365,8e9fa2dbe7fcae1bca0958ad5a7cdb34
940004,44.950782,-93.113649,80137,401511,188344365,8e9fa2dbe7fcae1bca0958ad5a7cdb34
940004,44.950666,-93.112628,80138,401511,188344365,8e9fa2dbe7fcae1bca0958ad5a7cdb34
940004,44.950623,-93.112172,80139,401511,188344365,8e9fa2dbe7fcae1bca0958ad5a7cdb34
940004,44.9506,-93.111747,80140,401511,188344365,8e9fa2dbe7fcae1bca0958ad5a7cdb34
940004,44.950587,-93.111344,80141,401511,188344365,8e9fa2dbe7fcae1bca0958ad5a7cdb34
940004,44.950588,-93.110816,80142,401511,188344365,8e9fa2dbe7fcae1bca0958ad5a7cdb34
940004,44.950581,-93.109784,80143,401511,188344365,8e9fa2dbe7fcae1bca0958ad5a7cdb34
940004,44.950506,-93.10939,80144,401380,"61956001,40542498,188344356,61956004,81023387",c1c922943d2716e776bb217db35e06fc
940004,44.950468,-93.109187,80145,401380,"61956001,40542498,188344356,61956004,81023387",c1c922943d2716e776bb217db35e06fc
940004,44.950425,-93.109037,80146,401380,"61956001,40542498,188344356,61956004,81023387",c1c922943d2716e776bb217db35e06fc
940004,44.950337,-93.108778,80147,401380,"61956001,40542498,188344356,61956004,81023387",c1c922943d2716e776bb217db35e06fc
940004,44.950291,-93.10865,80148,401380,"61956001,40542498,188344356,61956004,81023387",c1c922943d2716e776bb217db35e06fc
940004,44.950214,-93.108464,80149,401380,"61956001,40542498,188344356,61956004,81023387",c1c922943d2716e776bb217db35e06fc
940004,44.950069,-93.108152,80150,401380,"61956001,40542498,188344356,61956004,81023387",c1c922943d2716e776bb217db35e06fc
940004,44.949594,-93.10735,80151,401380,"61956001,40542498,188344356,61956004,81023387",c1c922943d2716e776bb217db35e06fc
940004,44.949376,-93.106994,80152,401380,"61956001,40542498,188344356,61956004,81023387",c1c922943d2716e776bb217db35e06fc
940004,44.949147,-93.106647,80153,401380,"61956001,40542498,188344356,61956004,81023387",c1c922943d2716e776bb217db35e06fc
940004,44.948793,-93.106034,80154,401380,"61956001,40542498,188344356,61956004,81023387",c1c922943d2716e776bb217db35e06fc
940004,44.948538,-93.105543,80155,401380,"61956001,40542498,188344356,61956004,81023387",c1c922943d2716e776bb217db35e06fc
940004,44.948206,-93.104958,80156,401380,"61956001,40542498,188344356,61956004,81023387",c1c922943d2716e776bb217db35e06fc
940004,44.94807700000001,-93.104752,80157,401380,"61956001,40542498,188344356,61956004,81023387",c1c922943d2716e776bb217db35e06fc
940004,44.947902,-93.104484,80158,401380,"61956001,40542498,188344356,61956004,81023387",c1c922943d2716e776bb217db35e06fc
940004,44.946487,-93.102477,80159,401380,"61956001,40542498,188344356,61956004,81023387",c1c922943d2716e776bb217db35e06fc
940004,44.9459,-93.101634,80160,32583,61956003,160d85e5741dea069a9dcfc9cea9e12f
940004,44.945835,-93.101434,80161,223801,61956003,87f7b0fd2cea567f570560c336a9b85f
940004,44.94577,-93.101348,80162,32573,18209890,09efc889393b08914b100c937b88de09
940004,44.945701,-93.101233,80163,32573,18209890,09efc889393b08914b100c937b88de09
940004,44.945583,-93.10095,80164,32572,199132250,c8683cc23055ab7e6132f1f96ebacfa6
940004,44.94551,-93.100679,80165,32572,199132250,c8683cc23055ab7e6132f1f96ebacfa6
940004,44.94551,-93.100679,90001,32572,199132250,c8683cc23055ab7e6132f1f96ebacfa6
940004,44.945402,-93.100275,90002,32572,199132250,c8683cc23055ab7e6132f1f96ebacfa6
940004,44.945252,-93.098866,90003,32572,199132250,c8683cc23055ab7e6132f1f96ebacfa6
940004,44.945252,-93.098866,100001,32572,199132250,c8683cc23055ab7e6132f1f96ebacfa6
940004,44.945119,-93.097606,100002,32572,199132250,c8683cc23055ab7e6132f1f96ebacfa6
940004,44.945137,-93.096751,100003,91041,223371560,c0605eb2ccc9717ab2af3021f9b17afe
940004,44.945137,-93.096751,110001,91041,223371560,c0605eb2ccc9717ab2af3021f9b17afe
940004,44.94514,-93.096623,110002,91048,223371561,d112021828341e2828e2b62af3e18d16
940004,44.945147,-93.095598,110003,91039,223371561,8afcb93a97bb1759df5fc3b6d60a37a4
940004,44.945691,-93.094454,110004,91062,18219762,1339cbe67f88b97491a643c34c688c4d
940004,44.945977,-93.093863,110005,91062,18219762,1339cbe67f88b97491a643c34c688c4d
940004,44.945977,-93.093863,120001,91062,18219762,1339cbe67f88b97491a643c34c688c4d
940004,44.946286,-93.093229,120002,154031,223371526,98430449b843da5f72c7dfb8ca8ebe9c
940004,44.946844,-93.092025,120003,85206,223371522,38b4250c738cba9167b29d0fe2dc6b89
940004,44.946958,-93.091785,120004,85206,223371522,38b4250c738cba9167b29d0fe2dc6b89
940004,44.946958,-93.091785,130001,85206,223371522,38b4250c738cba9167b29d0fe2dc6b89
940004,44.947416,-93.09082,130002,134573,223371524,ec099adf0446c3e0f68d684878419a4b
940004,44.947973,-93.089647,130003,134573,223371524,ec099adf0446c3e0f68d684878419a4b
940004,44.947973,-93.089647,140001,134573,223371524,ec099adf0446c3e0f68d684878419a4b
940004,44.948049,-93.089486,140002,134573,223371524,ec099adf0446c3e0f68d684878419a4b
940004,44.948713,-93.088124,140003,78762,223371523,0c1c2f47f72a2aab053f555f6d6bcac6
940004,44.949124,-93.08728,140004,149008,223371525,39f45f5df124ae936f0ca7dd1f39a10b
940004,44.949124,-93.08728,150001,149008,223371525,39f45f5df124ae936f0ca7dd1f39a10b
940004,44.94928,-93.08696,150002,165760,223371527,7ee0d0aba32f05340ffa091144952093
940004,44.949829,-93.085831,150003,97010,637589288,ccec8b5e3dabe44c4f9c15b85aa73bb2
940004,44.95018,-93.085111,150004,97010,637589288,ccec8b5e3dabe44c4f9c15b85aa73bb2
940004,44.949775,-93.084723,150005,337080,454014347,de125f006279f4e32cb619f1d47f2903
940004,44.949775,-93.084723,160001,337080,454014347,de125f006279f4e32cb619f1d47f2903
940004,44.949397,-93.084359,160002,337080,454014347,de125f006279f4e32cb619f1d47f2903
