shape_id,shape_pt_lat,shape_pt_lon,shape_pt_sequence,shape_osm_node_id,shape_model_node_id
4520004,44.9232565,-93.0670599,55,507955865,152495
4520004,44.930631899999995,-93.07116629999999,56,507951624,151635
4520004,44.93266860000001,-93.07170959999999,57,507951633,151637
4520004,44.9394447,-93.075273,58,507951645,151641
4520004,44.94305620000002,-93.0769983,59,2548150957,23834
4520004,44.951950599999996,-93.0816871,60,2291969930,108658
4520004,44.95267309999999,-93.0838842,61,187872060,49113
4520004,44.95270709999999,-93.0875834,62,961117649,19614
4520004,44.95404340000001,-93.08964870000001,63,961116213,19288
4520004,44.9524072,-93.0965527,64,961086473,11354
4520004,44.95196920000001,-93.0975073,65,956548685,77118
4520004,44.95126040000001,-93.0989793,66,956548221,76969
4520004,44.9508859,-93.1044842,67,954746986,4219
4520004,44.950950299999995,-93.10717149999999,68,954746994,4220
4520004,44.9510882,-93.11378409999999,69,944510784,87631
4520004,44.9515856,-93.1181025,70,944511170,87939
4520004,44.9517857,-93.1204425,71,944511250,87982
4520004,44.9518502,-93.13520849999999,72,187846702,35754
4520004,44.951853699999994,-93.1413775,73,187850438,37457
30009,44.9703345,-93.146517,122,689781494,123049
30009,44.970235200000005,-93.14612150000002,123,689781498,123050
30009,44.97022990000001,-93.1455189,124,187928526,72333
30009,44.97022919999999,-93.1440603,125,187955999,83136
30009,44.970227,-93.1427946,126,187917148,68675
30009,44.97022069999999,-93.1415375,127,187911330,66544
30009,44.9702186,-93.1404666,128,187927111,71946
30009,44.97021579999999,-93.139504,129,187913095,67198
30009,44.9702159,-93.13853540000001,130,187931363,73176
30009,44.970209999999994,-93.1375634,131,187957079,83737
30009,44.97021109999999,-93.1364915,132,187877752,51833
30009,44.9702081,-93.13546579999999,133,187868713,47239
30009,44.97020149999999,-93.1344452,134,187939054,75520
30009,44.97020179999999,-93.1334258,135,187910783,66380
30009,44.97020189999999,-93.13241640000001,136,187902054,62953
30009,44.97019759999999,-93.13143120000001,137,187948558,80043
30009,44.97017050000001,-93.1263855,138,944811053,7078
30009,44.9701718,-93.1262151,139,187910891,66415
30009,44.970185,-93.1238231,140,187925233,71430
30009,44.970168,-93.12125520000001,141,187927190,71975
30009,44.97019600000001,-93.11880820000002,142,187871015,48532
30009,44.970196,-93.116127,143,187956876,83611
30009,44.96929,-93.116124,144,187887482,55982
30009,44.968387,-93.116126,145,187953677,82196
30009,44.967474,-93.116127,146,187938003,75196
30009,44.966576,-93.116128,147,187927973,72216
30009,44.965675299999994,-93.1161405,148,187903509,63520
30009,44.9645615,-93.11613990000001,149,187956874,83609
30009,44.96376899999999,-93.114677,150,187859813,42546
30009,44.9630621,-93.113389,151,187946074,78880
30009,44.9622867,-93.11199040000001,152,187934213,74090
30009,44.961504999999995,-93.110598,153,187869887,47969
30009,44.960784499999995,-93.10930920000001,154,516754279,118293
30009,44.9603153,-93.1084375,155,187890615,57530
30009,44.95925389999999,-93.1065848,156,1551122443,93192
30009,44.9590001,-93.10595390000002,157,187953343,82056
30009,44.958623700000004,-93.1059498,158,1551122322,93131
30009,44.9579209,-93.10595390000002,159,187945166,78323
30009,44.95761509999999,-93.1059494,160,187945139,78303
30009,44.956841400000016,-93.1059563,161,187883253,54352
30009,44.9567094,-93.10595529999999,162,187883193,54315
30009,44.955862200000006,-93.105962,163,695054748,134504
30009,44.9548683,-93.10604479999999,164,695054749,134506
30009,44.95194820000002,-93.106073,165,695054738,134498
30009,44.95162600000001,-93.1058946,166,872108856,67157
30009,44.95138490000001,-93.1054542,167,695054729,134496
30009,44.9513398,-93.1052319,168,695054725,134494
30009,44.94997209999999,-93.1003032,169,187879322,52718
30014,44.94774149999999,-93.08549609999999,1,187866380,45983
30014,44.9471342,-93.0866994,2,187866377,45981
30014,44.9479764,-93.08740329999999,3,187916871,68606
30014,44.94731390000001,-93.0887276,4,187854527,39424
30014,44.9466436,-93.0900913,5,187899921,62144
30014,44.94579019999999,-93.089277,6,517224710,92326
30014,44.945210700000004,-93.0904787,7,517224690,92316
30014,44.946065399999995,-93.0913121,8,187858774,41989
30014,44.94685020000001,-93.0920708,9,187858776,41990
30014,44.9476402,-93.0928707,10,187858777,41991
30014,44.9484519,-93.093631,11,187858022,41623
30014,44.9491572,-93.0943161,12,187858779,41992
30014,44.9497372,-93.0948855,13,187858780,41993
30014,44.95075360000001,-93.0958708,14,187858782,41995
30014,44.95022639999999,-93.0969458,15,1665348874,64287
30014,44.951074299999995,-93.097836,16,695316162,23487
30014,44.9515815,-93.0966663,17,187858785,41998
30014,44.95217529999999,-93.095435,18,187887699,56120
30014,44.952961299999984,-93.09619,19,187890251,57383
30014,44.954531,-93.09788879999999,20,187888955,56845
30014,44.9552617,-93.09638340000001,21,695328254,27313
30014,44.9553393,-93.0962458,22,187848424,36532
30014,44.9557648,-93.096676,23,1906215085,147441
30014,44.9561346,-93.0965473,24,1906215094,147445
30014,44.95777300000001,-93.0927517,25,1200569516,160271
30014,44.95783719999999,-93.0917518,26,1200569578,160283
30014,44.9576611,-93.0918535,27,187848806,36677
30014,44.95514429999999,-93.0924007,28,961115885,19220
30014,44.95196920000001,-93.0975073,29,956548685,77118
30014,44.95126040000001,-93.0989793,30,956548221,76969
30014,44.9508859,-93.1044842,31,954746986,4219
30014,44.951378399999996,-93.10903470000001,32,954735058,3505
30014,44.95138000000001,-93.109863,33,516754224,118259
30014,44.9522107,-93.109773,34,516754176,118248
30014,44.9529759,-93.1094396,35,1542926073,159270
30014,44.953993200000006,-93.1092059,36,516754093,118218
30014,44.9548989,-93.10919420000002,37,516754077,118209
30014,44.9548683,-93.10604479999999,38,695054749,134506
30014,44.95194820000002,-93.106073,39,695054738,134498
30014,44.95162600000001,-93.1058946,40,872108856,67157
30014,44.95138490000001,-93.1054542,41,695054729,134496
30014,44.9513398,-93.1052319,42,695054725,134494
30014,44.9514317,-93.1051602,43,695049802,133197
30014,44.9515037,-93.1053536,44,695054726,134495
30014,44.95158519999997,-93.1055293,45,695054731,134497
30014,44.95487259999997,-93.10589920000001,46,187917230,68705
30014,44.955862200000006,-93.105962,47,695054748,134504
30014,44.9567094,-93.10595529999999,48,187883193,54315
30014,44.956841400000016,-93.1059563,49,187883253,54352
30014,44.95761509999999,-93.1059494,50,187945139,78303
30014,44.9579209,-93.10595390000002,51,187945166,78323
30014,44.958623700000004,-93.1059498,52,1551122322,93131
30014,44.9590001,-93.10595390000002,53,187953343,82056
30014,44.95925389999999,-93.1065848,54,1551122443,93192
30014,44.9603153,-93.1084375,55,187890615,57530
30014,44.960784499999995,-93.10930920000001,56,516754279,118293
30014,44.961504999999995,-93.110598,57,187869887,47969
30014,44.9622867,-93.11199040000001,58,187934213,74090
30014,44.9630621,-93.113389,59,187946074,78880
30014,44.96376899999999,-93.114677,60,187859813,42546
30014,44.9645615,-93.11613990000001,61,187956874,83609
30014,44.965675299999994,-93.1161405,62,187903509,63520
30014,44.966576,-93.116128,63,187927973,72216
30014,44.967474,-93.116127,64,187938003,75196
30014,44.968387,-93.116126,65,187953677,82196
30014,44.96929,-93.116124,66,187887482,55982
30014,44.970196,-93.116127,67,187956876,83611
30014,44.97019600000001,-93.11880820000002,68,187871015,48532
30014,44.970168,-93.12125520000001,69,187927190,71975
30014,44.970185,-93.1238231,70,187925233,71430
30014,44.9701718,-93.1262151,71,187910891,66415
30014,44.97017050000001,-93.1263855,72,944811053,7078
30014,44.97019759999999,-93.13143120000001,73,187948558,80043
30014,44.97020189999999,-93.13241640000001,74,187902054,62953
30014,44.97020179999999,-93.1334258,75,187910783,66380
30014,44.97020149999999,-93.1344452,76,187939054,75520
30014,44.9702081,-93.13546579999999,77,187868713,47239
30014,44.97021109999999,-93.1364915,78,187877752,51833
30014,44.970209999999994,-93.1375634,79,187957079,83737
30014,44.9702159,-93.13853540000001,80,187931363,73176
30014,44.97021579999999,-93.139504,81,187913095,67198
30014,44.9702186,-93.1404666,82,187927111,71946
30014,44.97022069999999,-93.1415375,83,187911330,66544
30014,44.970227,-93.1427946,84,187917148,68675
30014,44.97022919999999,-93.1440603,85,187955999,83136
30014,44.97022990000001,-93.1455189,86,187928526,72333
30014,44.970235200000005,-93.14612150000002,87,689781498,123050
30014,44.9703345,-93.146517,88,689781494,123049
4170001,44.9206745,-93.10183690000001,58,187890840,57637
4170001,44.92166189999998,-93.1018537,59,187880577,53282
4170001,44.92264989999999,-93.1018641,60,187890838,57636
4170001,44.92364289999999,-93.1018757,61,187890836,57635
4170001,44.9246239,-93.1018954,62,187861259,43262
4170001,44.9256155,-93.1019077,63,187890834,57633
4170001,44.92660179999999,-93.10189720000001,64,187890832,57632
4170001,44.92759199999999,-93.10190109999999,65,187870980,48506
4170001,44.92856950000001,-93.1019183,66,187890830,57630
4170001,44.9295606,-93.1019168,67,187885970,55364
4170001,44.9298931,-93.10192159999998,68,1270061326,72990
4170001,44.9307764,-93.1020077,69,187890824,57626
4170001,44.93284150000001,-93.1040583,70,1270061323,72989
4170001,44.93554919999999,-93.1074845,71,2047017646,58542
4170001,44.9368686,-93.10897469999999,72,2047017673,58553
4170001,44.9374235,-93.1093138,73,940961825,138460
4170001,44.93782159999999,-93.1093652,74,187890163,57346
4170001,44.93897499999999,-93.1093757,75,187885355,55078
4170001,44.939546899999996,-93.1093688,76,187890778,57601
4170001,44.940142200000004,-93.108494,77,187887542,56006
4170001,44.94067799999999,-93.1077085,78,187917975,68930
4170001,44.941302399999984,-93.1067862,79,187879146,52618
4170001,44.9416567,-93.1063054,80,187917971,68929
4170001,44.942527899999995,-93.1052094,81,187912474,66953
4170001,44.943409,-93.104089,82,187880954,53517
4170001,44.94398459999999,-93.1033689,83,497168691,32880
4170001,44.9442225,-93.1030544,84,2458502303,25277
4170001,44.94453699999999,-93.10277099999999,85,2091715037,118119
4170001,44.9446584,-93.102674,86,2091715038,118120
4170001,44.94553479999999,-93.10181899999999,87,519336962,100781
4170001,44.94565579999999,-93.10115090000001,88,772371510,19072
4170001,44.9451338,-93.0975656,89,187863167,44250
4170001,44.9451469,-93.09666690000002,90,187863166,44252
4170001,44.9451795,-93.09564499999999,91,187863165,44249
4170001,44.9456837,-93.09447370000001,92,187863178,44259
4170001,44.9462704,-93.0932595,93,187923583,70839
4170001,44.94685020000001,-93.0920708,94,187858776,41990
4170001,44.9474358,-93.09086440000002,95,187899922,62145
4170001,44.9480786,-93.089477,96,187854528,39430
4170001,44.9487217,-93.08811570000002,97,187916873,68608
4170001,44.9492636,-93.08698620000001,98,187940544,76167
4170001,44.9498132,-93.0858334,99,187867603,46665
4170001,44.95014940000001,-93.08509620000001,100,2053025178,150855
4170001,44.9494268,-93.0844074,101,187890517,57484
4170001,44.9490788,-93.08512320000001,102,187867601,46663
4170001,44.94899510000001,-93.08504270000002,103,1392859207,126316
4170001,44.94826139999999,-93.0843372,104,187866381,45984
4170001,44.94774149999999,-93.08549609999999,105,187866380,45983
2940002,44.951964000000004,-93.0623944,133,187850788,37582
2940002,44.9525029,-93.068852,134,187850770,37574
2940002,44.95356369999998,-93.0708973,135,524837616,4761
2940002,44.9542997,-93.0717929,136,524837650,4763
2940002,44.954221399999994,-93.07195340000001,137,524837661,4764
2940002,44.9502001,-93.0802621,138,3497288805,98429
2940002,44.9486069,-93.08362890000001,139,187866382,45985
2940002,44.949242600000005,-93.08424740000001,140,187890516,57483
2940002,44.9493482,-93.0843403,141,1392859216,126324
2940002,44.9494268,-93.0844074,142,187890517,57484
2940002,44.95014940000001,-93.08509620000001,143,2053025178,150855
2940002,44.9506366,-93.0855533,144,962133964,11188
2940002,44.95083069999999,-93.0861645,145,1888749444,84899
2940002,44.9506171,-93.0866025,146,187867604,46666
2940002,44.9500656,-93.0877584,147,187942357,77077
2940002,44.94951569999999,-93.0889131,148,187916875,68609
2940002,44.9488806,-93.0902397,149,187854529,39425
2940002,44.94822839999999,-93.091634,150,187899923,62146
2940002,44.9476402,-93.0928707,151,187858777,41991
2940002,44.9470709,-93.0940445,152,187923585,70841
2940002,44.9464948,-93.0952494,153,187865924,45691
2940002,44.94604229999998,-93.0961915,154,1554214921,69793
2940002,44.946026700000004,-93.0964943,155,187865910,45683
2940002,44.94606199999999,-93.096851,156,187865914,45685
2940002,44.9460884,-93.0971839,157,498645316,7688
2940002,44.9461092,-93.0974011,158,187865915,45687
2940002,44.94632840000001,-93.0996457,159,519336968,100784
2940002,44.9463936,-93.10035740000001,160,519336966,100782
2940002,44.9464276,-93.1006816,161,187865920,45688
2940002,44.9465966,-93.1023332,162,187850835,37609
2940002,44.94646070000001,-93.1024561,163,772371528,19077
2940002,44.94569849999999,-93.10346159999999,164,2095737153,38696
2940004,44.94569849999999,-93.10346159999999,1,2095737153,38696
2940004,44.94646070000001,-93.1024561,2,772371528,19077
2940004,44.94613270000001,-93.10197410000002,3,772371529,19078
2940004,44.945904,-93.1016213,4,519336956,100779
2940004,44.94579470000002,-93.1014616,5,772371518,19073
2940004,44.94565579999999,-93.10115090000001,6,772371510,19072
2940004,44.9451338,-93.0975656,7,187863167,44250
2940004,44.9451469,-93.09666690000002,8,187863166,44252
2940004,44.9451795,-93.09564499999999,9,187863165,44249
2940004,44.9456837,-93.09447370000001,10,187863178,44259
2940004,44.9462704,-93.0932595,11,187923583,70839
2940004,44.94685020000001,-93.0920708,12,187858776,41990
2940004,44.9474358,-93.09086440000002,13,187899922,62145
2940004,44.9480786,-93.089477,14,187854528,39430
2940004,44.9487217,-93.08811570000002,15,187916873,68608
2940004,44.9492636,-93.08698620000001,16,187940544,76167
2940004,44.9498132,-93.0858334,17,187867603,46665
2940004,44.95014940000001,-93.08509620000001,18,2053025178,150855
2940004,44.9506366,-93.0855533,19,962133964,11188
2940004,44.9509022,-93.085722,20,962133341,11094
2940004,44.95249669999999,-93.08365129999999,21,962133316,11090
2940004,44.9534432,-93.08063229999999,22,1068314151,121374
2940004,44.95352539999998,-93.08043,23,1068314145,121370
2940004,44.954426899999994,-93.0774874,24,187871774,48963
2940004,44.95176069999998,-93.0626608,25,187847654,36237
210005,44.94774149999999,-93.08549609999999,1,187866380,45983
210005,44.948427,-93.08616440000002,2,1392859197,126312
210005,44.94899510000001,-93.08504270000002,3,1392859207,126316
210005,44.9490788,-93.08512320000001,4,187867601,46663
210005,44.9498132,-93.0858334,5,187867603,46665
210005,44.95014940000001,-93.08509620000001,6,2053025178,150855
210005,44.9506366,-93.0855533,7,962133964,11188
210005,44.95083069999999,-93.0861645,8,1888749444,84899
210005,44.9506171,-93.0866025,9,187867604,46666
210005,44.9500656,-93.0877584,10,187942357,77077
210005,44.94951569999999,-93.0889131,11,187916875,68609
210005,44.9488806,-93.0902397,12,187854529,39425
210005,44.94822839999999,-93.091634,13,187899923,62146
210005,44.9476402,-93.0928707,14,187858777,41991
210005,44.9470709,-93.0940445,15,187923585,70841
210005,44.9464948,-93.0952494,16,187865924,45691
210005,44.94604229999998,-93.0961915,17,1554214921,69793
210005,44.946026700000004,-93.0964943,18,187865910,45683
210005,44.94606199999999,-93.096851,19,187865914,45685
210005,44.9460884,-93.0971839,20,498645316,7688
210005,44.9461092,-93.0974011,21,187865915,45687
210005,44.94632840000001,-93.0996457,22,519336968,100784
210005,44.9463936,-93.10035740000001,23,519336966,100782
210005,44.9464276,-93.1006816,24,187865920,45688
210005,44.9465966,-93.1023332,25,187850835,37609
210005,44.94646070000001,-93.1024561,26,772371528,19077
210005,44.94569849999999,-93.10346159999999,27,2095737153,38696
210005,44.9454642,-93.1037683,28,517223164,91685
210005,44.9457119,-93.1038561,29,2095737154,38698
210005,44.94631029999999,-93.1040453,30,1003350977,138152
210005,44.9469907,-93.1042683,31,517223490,91825
210005,44.948215600000005,-93.1054337,32,557023114,71086
210005,44.9490811,-93.10710759999999,33,695049795,133190
210005,44.94918729999999,-93.1072998,34,695049792,133187
210005,44.949081899999996,-93.1073928,35,695049793,133188
210005,44.948194799999996,-93.1080099,36,695049785,133183
210005,44.94739349999998,-93.1080813,37,695049777,133179
210005,44.946806,-93.1080046,38,695049772,133177
210005,44.9465305,-93.10811590000002,39,187863239,44298
210005,44.946541499999995,-93.1095917,40,187912915,67125
210005,44.94656289999999,-93.1119521,41,187916219,68417
210005,44.946564,-93.11340600000001,42,187928466,72311
210005,44.946560700000006,-93.114766,43,187939803,75802
210005,44.94656639999999,-93.116107,44,187866514,46083
210005,44.9465822,-93.1186734,45,187939782,75783
210005,44.9465766,-93.12128790000001,46,187927163,71964
210005,44.94657769999999,-93.1237475,47,187925274,71456
210005,44.9465805,-93.1262878,48,187863051,44190
210005,44.94658900000001,-93.1288279,49,187898278,61464
210005,44.94658870000001,-93.1313628,50,187939784,75786
210005,44.946597600000004,-93.13319279999999,51,187936894,74898
210005,44.94659109999999,-93.1348132,52,187933526,73817
210005,44.9466006,-93.1364476,53,187877708,51814
210005,44.946599000000006,-93.139005,54,187939785,75787
210005,44.946606,-93.141542,55,187937706,75122
210005,44.946612,-93.1441,56,187939786,75788
210005,44.946625299999994,-93.1465678,57,689781426,123002
700003,44.93417159999999,-93.14403670000002,55,187936294,74731
700003,44.93417120000001,-93.1429628,56,187936293,74730
700003,44.93416660000001,-93.1414948,57,187888280,56476
700003,44.93416100000001,-93.1389375,58,187890295,57392
700003,44.93414969999999,-93.1377605,59,187936292,74729
700003,44.9341437,-93.136794,60,3071141458,137736
700003,44.9341122,-93.13640529999999,61,3071141453,137734
700003,44.9341383,-93.1360225,62,3071141455,137735
700003,44.9341391,-93.13385699999999,63,187883263,54358
700003,44.9346911,-93.13385799999999,64,187883261,54357
700003,44.9346891,-93.131314,65,187868023,46899
700003,44.93480110000001,-93.131313,66,187868022,46898
700003,44.93538509999999,-93.128862,67,187904348,63864
700003,44.93446790000001,-93.1282446,68,187885429,55109
700003,44.934115500000004,-93.128425,69,689781452,123015
700003,44.9341153,-93.12924340000001,70,187892085,58399
700003,44.934115500000004,-93.128425,71,689781452,123015
700003,44.9341066,-93.12568990000001,72,187851038,37734
700003,44.9341171,-93.124424,73,187854423,39365
700003,44.934124,-93.12319509999999,74,187887085,55799
700003,44.934127000000004,-93.1220061,75,187934582,74241
700003,44.9341257,-93.12109509999999,76,187922605,70541
700003,44.93412659999999,-93.1207979,77,187922596,70537
700003,44.934134,-93.119812,78,187862796,44062
700003,44.934135,-93.11961099999999,79,187862803,44064
700003,44.9341365,-93.118535,80,187936286,74725
700003,44.9341361,-93.1183748,81,187936285,74724
700003,44.9341287,-93.11733079999999,82,187918029,68940
700003,44.9350427,-93.1159834,83,187910571,66302
700003,44.934739799999996,-93.11597890000002,84,187910567,66300
700003,44.934730200000004,-93.1140962,85,187910565,66301
700003,44.9355125,-93.11410500000001,86,187888759,56719
700003,44.93629920000002,-93.1141324,87,187917979,68932
700003,44.93740220000001,-93.11252420000001,88,187879008,52542
700003,44.9370839,-93.1125235,89,187879009,52543
700003,44.93740220000001,-93.11252420000001,90,187879008,52542
700003,44.93784809999998,-93.1118698,91,187890167,57348
700003,44.93838279999999,-93.1110683,92,187917977,68931
700003,44.9389787,-93.11018829999999,93,187885356,55079
700003,44.939546899999996,-93.1093688,94,187890778,57601
700003,44.940142200000004,-93.108494,95,187887542,56006
700003,44.94067799999999,-93.1077085,96,187917975,68930
700003,44.941302399999984,-93.1067862,97,187879146,52618
700003,44.9416567,-93.1063054,98,187917971,68929
700003,44.942527899999995,-93.1052094,99,187912474,66953
700003,44.943409,-93.104089,100,187880954,53517
700003,44.94398459999999,-93.1033689,101,497168691,32880
700003,44.9442225,-93.1030544,102,2458502303,25277
700003,44.94453699999999,-93.10277099999999,103,2091715037,118119
700003,44.9446584,-93.102674,104,2091715038,118120
700003,44.94553479999999,-93.10181899999999,105,519336962,100781
700003,44.94565579999999,-93.10115090000001,106,772371510,19072
700003,44.9451338,-93.0975656,107,187863167,44250
700003,44.9451469,-93.09666690000002,108,187863166,44252
700003,44.9451795,-93.09564499999999,109,187863165,44249
700003,44.9456837,-93.09447370000001,110,187863178,44259
700003,44.9462704,-93.0932595,111,187923583,70839
700003,44.94685020000001,-93.0920708,112,187858776,41990
700003,44.9474358,-93.09086440000002,113,187899922,62145
700003,44.9480786,-93.089477,114,187854528,39430
700003,44.9487217,-93.08811570000002,115,187916873,68608
700003,44.9492636,-93.08698620000001,116,187940544,76167
700003,44.9498132,-93.0858334,117,187867603,46665
700003,44.95014940000001,-93.08509620000001,118,2053025178,150855
700003,44.9494268,-93.0844074,119,187890517,57484
700003,44.9493482,-93.0843403,120,1392859216,126324
700003,44.949242600000005,-93.08424740000001,121,187890516,57483
700003,44.9486069,-93.08362890000001,122,187866382,45985
700003,44.9502001,-93.0802621,123,3497288805,98429
700003,44.954221399999994,-93.07195340000001,124,524837661,4764
700003,44.95270759999999,-93.0701657,125,524837942,4785
700003,44.95169909999999,-93.0693012,126,524837874,4779
700003,44.95105529999999,-93.06889580000002,127,187857674,41489
700003,44.9505835,-93.0684445,128,187857672,41487
700003,44.9515557,-93.06670970000002,129,187866343,45957
700003,44.951572799999994,-93.0647815,130,187886526,55555
700003,44.95151,-93.062988,131,187899995,62186
700003,44.951328499999995,-93.06083459999999,132,187897748,61203
700003,44.9513148,-93.05828890000001,133,187899997,62188
700003,44.9513128,-93.05573100000001,134,187893395,59015
700003,44.9504007,-93.0557276,135,187893393,59014
700003,44.94962490000001,-93.05575400000001,136,187893392,59013
700003,44.948704,-93.0557702,137,187893390,59012
700002,44.948704,-93.0557702,48,187893390,59012
700002,44.94962490000001,-93.05575400000001,49,187893392,59013
700002,44.9504007,-93.0557276,50,187893393,59014
700002,44.9513128,-93.05573100000001,51,187893395,59015
700002,44.9513148,-93.05828890000001,52,187899997,62188
700002,44.951328499999995,-93.06083459999999,53,187897748,61203
700002,44.95151,-93.062988,54,187899995,62186
700002,44.951572799999994,-93.0647815,55,187886526,55555
700002,44.9515557,-93.06670970000002,56,187866343,45957
700002,44.9505835,-93.0684445,57,187857672,41487
700002,44.95105529999999,-93.06889580000002,58,187857674,41489
700002,44.95349739999999,-93.0745814,59,187890679,57562
700002,44.95207020000001,-93.0802618,60,2487484544,83888
700002,44.95149149999999,-93.079722,61,2487484543,83887
700002,44.950872600000004,-93.08091429999999,62,3497288806,98430
700002,44.949242600000005,-93.08424740000001,63,187890516,57483
700002,44.9486069,-93.08362890000001,64,187866382,45985
700002,44.949242600000005,-93.08424740000001,65,187890516,57483
700002,44.9493482,-93.0843403,66,1392859216,126324
700002,44.9494268,-93.0844074,67,187890517,57484
700002,44.95014940000001,-93.08509620000001,68,2053025178,150855
700002,44.9506366,-93.0855533,69,962133964,11188
700002,44.95083069999999,-93.0861645,70,1888749444,84899
700002,44.9506171,-93.0866025,71,187867604,46666
700002,44.9500656,-93.0877584,72,187942357,77077
700002,44.94951569999999,-93.0889131,73,187916875,68609
700002,44.9488806,-93.0902397,74,187854529,39425
700002,44.94822839999999,-93.091634,75,187899923,62146
700002,44.9476402,-93.0928707,76,187858777,41991
700002,44.9470709,-93.0940445,77,187923585,70841
700002,44.9464948,-93.0952494,78,187865924,45691
700002,44.94604229999998,-93.0961915,79,1554214921,69793
700002,44.946026700000004,-93.0964943,80,187865910,45683
700002,44.94606199999999,-93.096851,81,187865914,45685
700002,44.9460884,-93.0971839,82,498645316,7688
700002,44.9461092,-93.0974011,83,187865915,45687
700002,44.94632840000001,-93.0996457,84,519336968,100784
700002,44.9463936,-93.10035740000001,85,519336966,100782
700002,44.9464276,-93.1006816,86,187865920,45688
700002,44.94598839999999,-93.101485,87,772371525,19076
700002,44.945904,-93.1016213,88,519336956,100779
700002,44.94569679999999,-93.1019195,89,772371521,19074
700002,44.94507000000001,-93.1025454,90,519336952,100775
700002,44.9447216,-93.10281359999999,91,517223216,91723
700002,44.944608,-93.10290909999999,92,517223372,91789
700002,44.94398459999999,-93.1033689,93,497168691,32880
700002,44.9442225,-93.1030544,94,2458502303,25277
700002,44.944398299999996,-93.1025879,95,2458502312,25284
700002,44.94323109999999,-93.10159540000001,96,187856107,40451
700002,44.94243680000001,-93.10262990000001,97,187880952,53515
700002,44.9415718,-93.10374329999999,98,187903860,63646
700002,44.942527899999995,-93.1052094,99,187912474,66953
700002,44.9416567,-93.1063054,100,187917971,68929
700002,44.941302399999984,-93.1067862,101,187879146,52618
700002,44.94067799999999,-93.1077085,102,187917975,68930
700002,44.940142200000004,-93.108494,103,187887542,56006
700002,44.939546899999996,-93.1093688,104,187890778,57601
700002,44.9389787,-93.11018829999999,105,187885356,55079
700002,44.93838279999999,-93.1110683,106,187917977,68931
700002,44.93784809999998,-93.1118698,107,187890167,57348
700002,44.93740220000001,-93.11252420000001,108,187879008,52542
700002,44.93629920000002,-93.1141324,109,187917979,68932
700002,44.9355234,-93.11528050000001,110,187888761,56721
700002,44.9350427,-93.1159834,111,187910571,66302
700002,44.9341287,-93.11733079999999,112,187918029,68940
700002,44.9341361,-93.1183748,113,187936285,74724
700002,44.9341365,-93.118535,114,187936286,74725
700002,44.934135,-93.11961099999999,115,187862803,44064
700002,44.93412659999999,-93.1207979,116,187922596,70537
700002,44.9341257,-93.12109509999999,117,187922605,70541
700002,44.934127000000004,-93.1220061,118,187934582,74241
700002,44.934124,-93.12319509999999,119,187887085,55799
700002,44.9341171,-93.124424,120,187854423,39365
700002,44.9341066,-93.12568990000001,121,187851038,37734
700002,44.934115500000004,-93.128425,122,689781452,123015
700002,44.9341153,-93.12924340000001,123,187892085,58399
700002,44.9341391,-93.13385699999999,124,187883263,54358
700002,44.9346911,-93.13385799999999,125,187883261,54357
700002,44.9346891,-93.131314,126,187868023,46899
700002,44.93480110000001,-93.131313,127,187868022,46898
700002,44.93569339999999,-93.131304,128,187948022,79814
700002,44.9357073,-93.13386,129,187883259,54356
700002,44.9346911,-93.13385799999999,130,187883261,54357
700002,44.9341391,-93.13385699999999,131,187883263,54358
700002,44.9341383,-93.1360225,132,3071141455,137735
700002,44.93416139999998,-93.13640459999999,133,187860779,43004
700002,44.9341437,-93.136794,134,3071141458,137736
700002,44.93414969999999,-93.1377605,135,187936292,74729
700002,44.93416100000001,-93.1389375,136,187890295,57392
700002,44.93416660000001,-93.1414948,137,187888280,56476
700002,44.93417120000001,-93.1429628,138,187936293,74730
700002,44.93417159999999,-93.14403670000002,139,187936294,74731
700001,44.948704,-93.0557702,48,187893390,59012
700001,44.94962490000001,-93.05575400000001,49,187893392,59013
700001,44.9504007,-93.0557276,50,187893393,59014
700001,44.9513128,-93.05573100000001,51,187893395,59015
700001,44.9513148,-93.05828890000001,52,187899997,62188
700001,44.951328499999995,-93.06083459999999,53,187897748,61203
700001,44.95151,-93.062988,54,187899995,62186
700001,44.951572799999994,-93.0647815,55,187886526,55555
700001,44.9515557,-93.06670970000002,56,187866343,45957
700001,44.9505835,-93.0684445,57,187857672,41487
700001,44.95105529999999,-93.06889580000002,58,187857674,41489
700001,44.95349739999999,-93.0745814,59,187890679,57562
700001,44.95207020000001,-93.0802618,60,2487484544,83888
700001,44.95149149999999,-93.079722,61,2487484543,83887
700001,44.950872600000004,-93.08091429999999,62,3497288806,98430
700001,44.949242600000005,-93.08424740000001,63,187890516,57483
700001,44.9486069,-93.08362890000001,64,187866382,45985
700001,44.949242600000005,-93.08424740000001,65,187890516,57483
700001,44.9493482,-93.0843403,66,1392859216,126324
700001,44.9494268,-93.0844074,67,187890517,57484
700001,44.95014940000001,-93.08509620000001,68,2053025178,150855
700001,44.9506366,-93.0855533,69,962133964,11188
700001,44.95083069999999,-93.0861645,70,1888749444,84899
700001,44.9506171,-93.0866025,71,187867604,46666
700001,44.9500656,-93.0877584,72,187942357,77077
700001,44.94951569999999,-93.0889131,73,187916875,68609
700001,44.9488806,-93.0902397,74,187854529,39425
700001,44.94822839999999,-93.091634,75,187899923,62146
700001,44.9476402,-93.0928707,76,187858777,41991
700001,44.9470709,-93.0940445,77,187923585,70841
700004,44.94685020000001,-93.0920708,1,187858776,41990
700004,44.9474358,-93.09086440000002,2,187899922,62145
700004,44.9480786,-93.089477,3,187854528,39430
700004,44.9487217,-93.08811570000002,4,187916873,68608
700004,44.9492636,-93.08698620000001,5,187940544,76167
700004,44.9498132,-93.0858334,6,187867603,46665
700004,44.95014940000001,-93.08509620000001,7,2053025178,150855
700004,44.9494268,-93.0844074,8,187890517,57484
700004,44.9493482,-93.0843403,9,1392859216,126324
700004,44.949242600000005,-93.08424740000001,10,187890516,57483
700004,44.9486069,-93.08362890000001,11,187866382,45985
700004,44.9502001,-93.0802621,12,3497288805,98429
700004,44.954221399999994,-93.07195340000001,13,524837661,4764
700004,44.95270759999999,-93.0701657,14,524837942,4785
700004,44.95169909999999,-93.0693012,15,524837874,4779
700004,44.95105529999999,-93.06889580000002,16,187857674,41489
700004,44.9505835,-93.0684445,17,187857672,41487
700004,44.9515557,-93.06670970000002,18,187866343,45957
700004,44.951572799999994,-93.0647815,19,187886526,55555
700004,44.95151,-93.062988,20,187899995,62186
700004,44.951328499999995,-93.06083459999999,21,187897748,61203
700004,44.9513148,-93.05828890000001,22,187899997,62188
700004,44.9513128,-93.05573100000001,23,187893395,59015
700004,44.9504007,-93.0557276,24,187893393,59014
700004,44.94962490000001,-93.05575400000001,25,187893392,59013
700004,44.948704,-93.0557702,26,187893390,59012
670001,44.9448627,-93.0936912,1,187866334,45946
670001,44.9456837,-93.09447370000001,2,187863178,44259
670001,44.9464948,-93.0952494,3,187865924,45691
670001,44.94812650000001,-93.0968453,4,519337002,100811
670001,44.948243100000006,-93.0969583,5,519337000,100806
670001,44.9490542,-93.0977157,6,187912168,66866
670001,44.94987999999999,-93.098486,7,187877905,51941
670001,44.950556799999994,-93.0991593,8,187850361,37424
670001,44.951001399999974,-93.0981209,9,695316163,23488
670001,44.951074299999995,-93.097836,10,695316162,23487
670001,44.9515815,-93.0966663,11,187858785,41998
670001,44.95217529999999,-93.095435,12,187887699,56120
670001,44.952961299999984,-93.09619,13,187890251,57383
670001,44.954531,-93.09788879999999,14,187888955,56845
670001,44.9552617,-93.09638340000001,15,695328254,27313
670001,44.9553393,-93.0962458,16,187848424,36532
670001,44.9557648,-93.096676,17,1906215085,147441
670001,44.9561346,-93.0965473,18,1906215094,147445
670001,44.95777300000001,-93.0927517,19,1200569516,160271
670001,44.95783719999999,-93.0917518,20,1200569578,160283
670001,44.9576611,-93.0918535,21,187848806,36677
670001,44.95514429999999,-93.0924007,22,961115885,19220
670001,44.95196920000001,-93.0975073,23,956548685,77118
670001,44.95126040000001,-93.0989793,24,956548221,76969
670001,44.9508859,-93.1044842,25,954746986,4219
670001,44.951378399999996,-93.10903470000001,26,954735058,3505
670001,44.95138000000001,-93.109863,27,516754224,118259
670001,44.9522107,-93.109773,28,516754176,118248
670001,44.9529759,-93.1094396,29,1542926073,159270
670001,44.953993200000006,-93.1092059,30,516754093,118218
670001,44.9548989,-93.10919420000002,31,516754077,118209
670001,44.9548683,-93.10604479999999,32,695054749,134506
670001,44.95194820000002,-93.106073,33,695054738,134498
670001,44.95162600000001,-93.1058946,34,872108856,67157
670001,44.95138490000001,-93.1054542,35,695054729,134496
670001,44.9513398,-93.1052319,36,695054725,134494
670001,44.9514317,-93.1051602,37,695049802,133197
670001,44.9515037,-93.1053536,38,695054726,134495
670001,44.95158519999997,-93.1055293,39,695054731,134497
670001,44.95487259999997,-93.10589920000001,40,187917230,68705
670001,44.955862200000006,-93.105962,41,695054748,134504
670001,44.9567094,-93.10595529999999,42,187883193,54315
670001,44.956841400000016,-93.1059563,43,187883253,54352
670001,44.95761509999999,-93.1059494,44,187945139,78303
670001,44.9579209,-93.10595390000002,45,187945166,78323
670001,44.958623700000004,-93.1059498,46,1551122322,93131
670001,44.9590001,-93.10595390000002,47,187953343,82056
670001,44.95925389999999,-93.1065848,48,1551122443,93192
670001,44.9603153,-93.1084375,49,187890615,57530
670001,44.95977229999999,-93.10930379999999,50,516754316,118308
670001,44.959392599999994,-93.1093564,51,516753650,117983
670001,44.9593927,-93.11059499999999,52,187869885,47968
670001,44.95938630000001,-93.11201700000001,53,187895434,59956
670001,44.95937989999998,-93.11343079999999,54,187895436,59958
670001,44.9593698,-93.11473199999999,55,187859805,42539
670001,44.959370099999994,-93.114847,56,187859801,42538
670001,44.9593749,-93.1161406,57,187895439,59961
670001,44.95937649999999,-93.1186993,58,187871042,48550
670001,44.959374100000005,-93.1212612,59,187895441,59962
670001,44.9593653,-93.1238225,60,187895443,59964
670001,44.95935730000001,-93.12622990000001,61,944811132,7112
670001,44.9601722,-93.1263387,62,1829348152,22213
670001,44.96024849999999,-93.1263437,63,944811041,7070
670001,44.961155100000006,-93.1263443,64,944811105,7091
670001,44.96205929999999,-93.1263438,65,944811173,7125
670001,44.96214419999998,-93.12634320000001,66,1829348155,22214
670001,44.9629783,-93.1262549,67,944810906,7053
670001,44.96297790000001,-93.126405,68,944811113,7101
670001,44.962969999999984,-93.1273361,69,187946077,78883
670001,44.9629708,-93.1277907,70,187946082,78885
670001,44.9629686,-93.128927,71,187898310,61477
670001,44.96297240000001,-93.13144709999999,72,187946083,78886
670001,44.96298640000001,-93.1339832,73,187936917,74907
670001,44.9629915,-93.1365075,74,187877688,51791
670001,44.963008200000004,-93.1391549,75,187946084,78887
670001,44.9630141,-93.1415712,76,187937732,75136
670001,44.9630114,-93.14409470000001,77,187946086,78889
670001,44.96302120000001,-93.1465465,78,689781480,123034
160001,44.94774149999999,-93.08549609999999,1,187866380,45983
160001,44.9471342,-93.0866994,2,187866377,45981
160001,44.9479764,-93.08740329999999,3,187916871,68606
160001,44.94731390000001,-93.0887276,4,187854527,39424
160001,44.9466436,-93.0900913,5,187899921,62144
160001,44.94579019999999,-93.089277,6,517224710,92326
160001,44.945210700000004,-93.0904787,7,517224690,92316
160001,44.946065399999995,-93.0913121,8,187858774,41989
160001,44.94685020000001,-93.0920708,9,187858776,41990
160001,44.9476402,-93.0928707,10,187858777,41991
160001,44.9484519,-93.093631,11,187858022,41623
160001,44.9491572,-93.0943161,12,187858779,41992
160001,44.9497372,-93.0948855,13,187858780,41993
160001,44.95075360000001,-93.0958708,14,187858782,41995
160001,44.95022639999999,-93.0969458,15,1665348874,64287
160001,44.951074299999995,-93.097836,16,695316162,23487
160001,44.95179540000001,-93.0986292,17,695316149,23480
160001,44.9517316,-93.0988645,18,695316146,23479
160001,44.951369299999996,-93.09996269999999,19,187890246,57382
160001,44.9514317,-93.1051602,20,695049802,133197
160001,44.9515037,-93.1053536,21,695054726,134495
160001,44.95138490000001,-93.1054542,22,695054729,134496
160001,44.94918729999999,-93.1072998,23,695049792,133187
160001,44.950103600000006,-93.1088196,24,5899271374,168757
160001,44.9502,-93.1090431,25,516803516,136254
160001,44.95037729999999,-93.1094714,26,516803632,136301
160001,44.95138000000001,-93.109863,27,516754224,118259
160001,44.9522107,-93.109773,28,516754176,118248
160001,44.9529759,-93.1094396,29,1542926073,159270
160001,44.953993200000006,-93.1092059,30,516754093,118218
160001,44.9548989,-93.10919420000002,31,516754077,118209
160001,44.95569520000001,-93.10920420000001,32,716319401,32510
160001,44.95588800000001,-93.1091876,33,716319413,32521
160001,44.95588669999999,-93.1093848,34,716319449,32549
160001,44.9558626,-93.11059820000001,35,716319361,32470
160001,44.9558754,-93.1134355,36,716319369,32475
710003,44.945210700000004,-93.0904787,1,517224690,92316
710003,44.946065399999995,-93.0913121,2,187858774,41989
710003,44.94685020000001,-93.0920708,3,187858776,41990
710003,44.9474358,-93.09086440000002,4,187899922,62145
710003,44.94822839999999,-93.091634,5,187899923,62146
710003,44.9490287,-93.09239840000001,6,187858024,41625
710003,44.94974879999998,-93.09310030000002,7,187899925,62148
710003,44.9505209,-93.09383620000001,8,187899927,62150
710003,44.951353299999994,-93.0946457,9,187886069,55397
710003,44.95217529999999,-93.095435,10,187887699,56120
710003,44.952961299999984,-93.09619,11,187890251,57383
710003,44.954531,-93.09788879999999,12,187888955,56845
710003,44.9552617,-93.09638340000001,13,695328254,27313
710003,44.9553393,-93.0962458,14,187848424,36532
710003,44.9557648,-93.096676,15,1906215085,147441
710003,44.9561346,-93.0965473,16,1906215094,147445
710003,44.95777300000001,-93.0927517,17,1200569516,160271
710003,44.9578771,-93.0927975,18,1200569437,160244
710003,44.95881760000001,-93.091277,19,187921518,70157
710003,44.959955,-93.0913348,20,187873722,49924
710003,44.96179469999999,-93.0916554,21,6013050891,170110
710003,44.96191110000001,-93.0916057,22,6013050892,170112
710003,44.96608189999999,-93.09081570000001,23,2307229041,131203
710003,44.9668704,-93.09078670000001,24,2307229069,131216
710003,44.96698979999999,-93.0908031,25,2307229072,131219
710003,44.9669245,-93.08932270000001,26,2307229073,131220
710003,44.9609315,-93.0906255,27,187848830,36683
710003,44.9592749,-93.09079820000001,28,187881692,53828
710003,44.95751309999999,-93.09099520000001,29,961116065,19268
710003,44.953655700000006,-93.0907887,30,961069470,8237
710003,44.95320799999999,-93.09049920000001,31,187852319,38340
710003,44.9524894,-93.0897628,32,187946605,79139
710003,44.95380099999999,-93.088631,33,187869024,47440
710003,44.954132,-93.088953,34,187850511,37487
710003,44.9551063,-93.0905285,35,961086418,11339
710003,44.95624899999999,-93.0910005,36,961117695,19632
710003,44.961085,-93.09035490000001,37,961117623,19607
710003,44.96686100000001,-93.0889873,38,2307229071,131218
710003,44.966658,-93.087292,39,2307229063,131212
710003,44.9665343,-93.08731209999999,40,2564047349,93482
710003,44.96651549999999,-93.087149,41,2564047348,93481
710003,44.96620780000001,-93.0855338,42,493882338,3261
710003,44.96732790000001,-93.08553359999999,43,187915382,68075
710003,44.96809969999999,-93.08551740000001,44,187861805,43520
710003,44.96905069999999,-93.0855115,45,187933803,73922
710003,44.97011380000001,-93.08549000000001,46,187933804,73923
710003,44.97013079999999,-93.0836922,47,187928396,72289
710003,44.9710285,-93.0836948,48,187906812,64914
710003,44.9719338,-93.08369509999999,49,187928400,72291
710003,44.972844,-93.08366219999999,50,187928402,72293
710003,44.97373500000001,-93.083675,51,187928404,72294
710003,44.97464589999999,-93.08368229999999,52,187866435,46020
710003,44.9755511,-93.0836818,53,187928405,72295
710003,44.976455,-93.0836914,54,187881106,53604
710003,44.9773731,-93.0836834,55,187869118,47500
710003,44.9773313,-93.0862303,56,187869116,47499
710003,44.978268,-93.0861968,57,187899823,62105
710003,44.97955579999999,-93.0862183,58,187877113,51500
710003,44.982789000000004,-93.086233,59,187874465,50368
710003,44.98366599999999,-93.086236,60,187904378,63877
710003,44.98454999999999,-93.086239,61,187933799,73921
710004,44.98454999999999,-93.086239,11,187933799,73921
710004,44.98366599999999,-93.086236,12,187904378,63877
710004,44.982789000000004,-93.086233,13,187874465,50368
710004,44.97955579999999,-93.0862183,14,187877113,51500
710004,44.978268,-93.0861968,15,187899823,62105
710004,44.9773313,-93.0862303,16,187869116,47499
710004,44.9773731,-93.0836834,17,187869118,47500
710004,44.976455,-93.0836914,18,187881106,53604
710004,44.9755511,-93.0836818,19,187928405,72295
710004,44.97464589999999,-93.08368229999999,20,187866435,46020
710004,44.97373500000001,-93.083675,21,187928404,72294
710004,44.972844,-93.08366219999999,22,187928402,72293
710004,44.9719338,-93.08369509999999,23,187928400,72291
710004,44.9710285,-93.0836948,24,187906812,64914
710004,44.97013079999999,-93.0836922,25,187928396,72289
710004,44.9690559,-93.0837152,26,187928394,72287
710004,44.96905069999999,-93.0855115,27,187933803,73922
710004,44.96809969999999,-93.08551740000001,28,187861805,43520
710004,44.96732790000001,-93.08553359999999,29,187915382,68075
710004,44.96620780000001,-93.0855338,30,493882338,3261
710004,44.96663940000001,-93.08711770000001,31,2307229054,131209
710004,44.966658,-93.087292,32,2307229063,131212
710004,44.96698979999999,-93.0908031,33,2307229072,131219
710004,44.967006,-93.09093859999999,34,2307229074,131221
710004,44.96688350000001,-93.09095500000001,35,2307229070,131217
710004,44.96608189999999,-93.09081570000001,36,2307229041,131203
710004,44.96191110000001,-93.0916057,37,6013050892,170112
710004,44.96179469999999,-93.0916554,38,6013050891,170110
710004,44.959955,-93.0913348,39,187873722,49924
710004,44.95881760000001,-93.091277,40,187921518,70157
710004,44.9578771,-93.0927975,41,1200569437,160244
710004,44.9560631,-93.09697390000001,42,1200569571,160281
710004,44.95601440000001,-93.0970818,43,1200569471,160254
710004,44.95592189999999,-93.09699930000001,44,1200569530,160274
710004,44.95569059999999,-93.0967835,45,1906215081,147440
710004,44.9552617,-93.09638340000001,46,695328254,27313
710004,44.95365139999999,-93.0948676,47,695328260,27316
710004,44.952961299999984,-93.09619,48,187890251,57383
710004,44.95217529999999,-93.095435,49,187887699,56120
710004,44.951353299999994,-93.0946457,50,187886069,55397
710004,44.9505209,-93.09383620000001,51,187899927,62150
710004,44.94974879999998,-93.09310030000002,52,187899925,62148
710004,44.9490287,-93.09239840000001,53,187858024,41625
710004,44.94822839999999,-93.091634,54,187899923,62146
710004,44.9474358,-93.09086440000002,55,187899922,62145
710004,44.9466436,-93.0900913,56,187899921,62144
710004,44.94579019999999,-93.089277,57,517224710,92326
710004,44.9456658,-93.0891559,58,517224705,92325
710004,44.9454567,-93.0889389,59,2046915097,18947
710004,44.94132929999999,-93.08501600000001,60,187891416,57992
710004,44.94181579999999,-93.08388459999999,61,187891406,57986
710004,44.941866,-93.0837662,62,1800565818,40319
710004,44.9428898,-93.0813585,63,1800565912,40386
710004,44.9429456,-93.081225,64,187891410,57989
710004,44.943330100000004,-93.0802128,65,187868185,46975
710004,44.9436975,-93.07835859999999,66,187891352,57958
710004,44.9439075,-93.0770445,67,1800566113,40527
710004,44.94391459999998,-93.0769597,68,187880229,53127
710004,44.943513,-93.0738192,69,685094533,134910
710004,44.9425072,-93.07210649999999,70,685094548,134916
710004,44.94108429999999,-93.0731769,71,652981907,75345
710004,44.9409932,-93.07302879999999,72,652981906,75344
710004,44.93595859999998,-93.0729439,73,187880246,53131
710004,44.9363299,-93.0731445,74,507951641,151640
710013,44.91954470000002,-93.0595863,103,653442637,50577
710013,44.92213329999999,-93.0623918,104,187908293,65468
710013,44.9230358,-93.0631667,105,187893988,59324
710013,44.9239448,-93.0638174,106,653442656,50581
710013,44.9248515,-93.06495179999999,107,187866939,46298
710013,44.924828700000006,-93.06694279999999,108,187866937,46296
710013,44.92602289999999,-93.0669386,109,187931004,73017
710013,44.926780900000004,-93.0683228,110,1990325505,28884
710013,44.92707599999999,-93.068955,111,187845810,35382
710013,44.927627,-93.070655,112,187847781,36271
710013,44.92846420000001,-93.073217,113,187874284,50291
710013,44.92899659999999,-93.0749469,114,3511333565,49037
710013,44.92935489999999,-93.07632109999999,115,652974763,73154
710013,44.92949649999999,-93.07682750000001,116,187931000,73016
710013,44.92974379999999,-93.0779688,117,187930997,73015
710013,44.9299437,-93.07840709999999,118,3093399072,20280
710013,44.93139340000001,-93.08052409999999,119,187885937,55352
710013,44.93158530000001,-93.08079090000001,120,187900591,62440
710013,44.93224300000001,-93.08081130000001,121,187900589,62439
710013,44.93309729999999,-93.0808432,122,187900587,62438
710013,44.9347984,-93.0808804,123,187900583,62436
710013,44.9356404,-93.0808958,124,187900581,62434
710013,44.9383477,-93.0825381,125,652981846,75318
710013,44.938470499999994,-93.0826412,126,652981847,75319
710013,44.94039089999999,-93.08423420000001,127,187900573,62429
710013,44.94132929999999,-93.08501600000001,128,187891416,57992
710013,44.9454567,-93.0889389,129,2046915097,18947
710013,44.9456658,-93.0891559,130,517224705,92325
710013,44.94579019999999,-93.089277,131,517224710,92326
710013,44.9466436,-93.0900913,132,187899921,62144
710013,44.9474358,-93.09086440000002,133,187899922,62145
710013,44.94822839999999,-93.091634,134,187899923,62146
710013,44.9490287,-93.09239840000001,135,187858024,41625
710013,44.94974879999998,-93.09310030000002,136,187899925,62148
710013,44.9505209,-93.09383620000001,137,187899927,62150
710013,44.951353299999994,-93.0946457,138,187886069,55397
710013,44.95217529999999,-93.095435,139,187887699,56120
710013,44.952961299999984,-93.09619,140,187890251,57383
710013,44.954531,-93.09788879999999,141,187888955,56845
710013,44.9552617,-93.09638340000001,142,695328254,27313
710013,44.9553393,-93.0962458,143,187848424,36532
710013,44.9557648,-93.096676,144,1906215085,147441
710013,44.9561346,-93.0965473,145,1906215094,147445
710013,44.95777300000001,-93.0927517,146,1200569516,160271
710013,44.9578771,-93.0927975,147,1200569437,160244
710013,44.95881760000001,-93.091277,148,187921518,70157
710013,44.959955,-93.0913348,149,187873722,49924
710013,44.96179469999999,-93.0916554,150,6013050891,170110
710013,44.96191110000001,-93.0916057,151,6013050892,170112
710013,44.96608189999999,-93.09081570000001,152,2307229041,131203
710013,44.9668704,-93.09078670000001,153,2307229069,131216
710013,44.96698979999999,-93.0908031,154,2307229072,131219
710013,44.9669245,-93.08932270000001,155,2307229073,131220
710013,44.9609315,-93.0906255,156,187848830,36683
710013,44.9592749,-93.09079820000001,157,187881692,53828
710013,44.95751309999999,-93.09099520000001,158,961116065,19268
710013,44.953655700000006,-93.0907887,159,961069470,8237
710013,44.95320799999999,-93.09049920000001,160,187852319,38340
710013,44.9524894,-93.0897628,161,187946605,79139
710013,44.95380099999999,-93.088631,162,187869024,47440
710013,44.954132,-93.088953,163,187850511,37487
710013,44.9551063,-93.0905285,164,961086418,11339
710013,44.95624899999999,-93.0910005,165,961117695,19632
710013,44.961085,-93.09035490000001,166,961117623,19607
710013,44.96686100000001,-93.0889873,167,2307229071,131218
710013,44.966658,-93.087292,168,2307229063,131212
710013,44.9665343,-93.08731209999999,169,2564047349,93482
710013,44.96651549999999,-93.087149,170,2564047348,93481
710013,44.96620780000001,-93.0855338,171,493882338,3261
710013,44.96732790000001,-93.08553359999999,172,187915382,68075
710013,44.96809969999999,-93.08551740000001,173,187861805,43520
710013,44.96905069999999,-93.0855115,174,187933803,73922
710013,44.97011380000001,-93.08549000000001,175,187933804,73923
710013,44.97013079999999,-93.0836922,176,187928396,72289
710013,44.9710285,-93.0836948,177,187906812,64914
710013,44.9719338,-93.08369509999999,178,187928400,72291
710013,44.972844,-93.08366219999999,179,187928402,72293
710013,44.97373500000001,-93.083675,180,187928404,72294
710013,44.97464589999999,-93.08368229999999,181,187866435,46020
710013,44.9755511,-93.0836818,182,187928405,72295
710013,44.976455,-93.0836914,183,187881106,53604
710013,44.9773731,-93.0836834,184,187869118,47500
710013,44.97735999999999,-93.082392,185,187869123,47503
710013,44.977372,-93.081147,186,187869127,47506
710013,44.97738499999999,-93.07987,187,187869128,47507
710013,44.97919689999999,-93.079875,188,187889999,57270
710013,44.979763899999995,-93.0787057,189,187890001,57271
710013,44.9803879,-93.07744659999999,190,2106546489,161723
710013,44.9804913,-93.0772494,191,187866018,45768
710013,44.981038,-93.076111,192,187890005,57273
710013,44.9828241,-93.0761313,193,187874460,50364
710013,44.983585999999995,-93.076133,194,187899074,61776
710013,44.984644,-93.076142,195,187899075,61777
710001,44.98454999999999,-93.086239,11,187933799,73921
710001,44.98366599999999,-93.086236,12,187904378,63877
710001,44.982789000000004,-93.086233,13,187874465,50368
710001,44.97955579999999,-93.0862183,14,187877113,51500
710001,44.978268,-93.0861968,15,187899823,62105
710001,44.9773313,-93.0862303,16,187869116,47499
710001,44.9773731,-93.0836834,17,187869118,47500
710001,44.976455,-93.0836914,18,187881106,53604
710001,44.9755511,-93.0836818,19,187928405,72295
710001,44.97464589999999,-93.08368229999999,20,187866435,46020
710001,44.97373500000001,-93.083675,21,187928404,72294
710001,44.972844,-93.08366219999999,22,187928402,72293
710001,44.9719338,-93.08369509999999,23,187928400,72291
710001,44.9710285,-93.0836948,24,187906812,64914
710001,44.97013079999999,-93.0836922,25,187928396,72289
710001,44.9690559,-93.0837152,26,187928394,72287
710001,44.96905069999999,-93.0855115,27,187933803,73922
710001,44.96809969999999,-93.08551740000001,28,187861805,43520
710001,44.96732790000001,-93.08553359999999,29,187915382,68075
710001,44.96620780000001,-93.0855338,30,493882338,3261
710001,44.96663940000001,-93.08711770000001,31,2307229054,131209
710001,44.966658,-93.087292,32,2307229063,131212
710001,44.96698979999999,-93.0908031,33,2307229072,131219
710001,44.967006,-93.09093859999999,34,2307229074,131221
710001,44.96688350000001,-93.09095500000001,35,2307229070,131217
710001,44.96608189999999,-93.09081570000001,36,2307229041,131203
710001,44.96191110000001,-93.0916057,37,6013050892,170112
710001,44.96179469999999,-93.0916554,38,6013050891,170110
710001,44.959955,-93.0913348,39,187873722,49924
710001,44.95881760000001,-93.091277,40,187921518,70157
710001,44.9578771,-93.0927975,41,1200569437,160244
710001,44.9560631,-93.09697390000001,42,1200569571,160281
710001,44.95601440000001,-93.0970818,43,1200569471,160254
710001,44.95592189999999,-93.09699930000001,44,1200569530,160274
710001,44.95569059999999,-93.0967835,45,1906215081,147440
710001,44.9552617,-93.09638340000001,46,695328254,27313
710001,44.95365139999999,-93.0948676,47,695328260,27316
710001,44.952961299999984,-93.09619,48,187890251,57383
710001,44.95217529999999,-93.095435,49,187887699,56120
710001,44.951353299999994,-93.0946457,50,187886069,55397
710001,44.9505209,-93.09383620000001,51,187899927,62150
710001,44.94974879999998,-93.09310030000002,52,187899925,62148
710001,44.9490287,-93.09239840000001,53,187858024,41625
710001,44.94822839999999,-93.091634,54,187899923,62146
710001,44.9474358,-93.09086440000002,55,187899922,62145
710001,44.9466436,-93.0900913,56,187899921,62144
710001,44.94579019999999,-93.089277,57,517224710,92326
710001,44.9456658,-93.0891559,58,517224705,92325
710001,44.9454567,-93.0889389,59,2046915097,18947
710001,44.94132929999999,-93.08501600000001,60,187891416,57992
710001,44.94181579999999,-93.08388459999999,61,187891406,57986
710001,44.941866,-93.0837662,62,1800565818,40319
710001,44.9428898,-93.0813585,63,1800565912,40386
710001,44.9429456,-93.081225,64,187891410,57989
710001,44.943330100000004,-93.0802128,65,187868185,46975
710001,44.9436975,-93.07835859999999,66,187891352,57958
710001,44.9439075,-93.0770445,67,1800566113,40527
710001,44.94391459999998,-93.0769597,68,187880229,53127
710001,44.943513,-93.0738192,69,685094533,134910
710001,44.9425072,-93.07210649999999,70,685094548,134916
710001,44.94108429999999,-93.0731769,71,652981907,75345
710001,44.9400369,-93.07489609999999,72,652981887,75337
710001,44.939673600000006,-93.0762026,73,652981882,75336
710001,44.9394155,-93.0781035,74,652981874,75331
710001,44.9390921,-93.0804101,75,652981865,75328
710001,44.938470499999994,-93.0826412,76,652981847,75319
710001,44.9383477,-93.0825381,77,652981846,75318
710001,44.9356404,-93.0808958,78,187900581,62434
710001,44.9347984,-93.0808804,79,187900583,62436
710001,44.93309729999999,-93.0808432,80,187900587,62438
710001,44.93224300000001,-93.08081130000001,81,187900589,62439
710001,44.93158530000001,-93.08079090000001,82,187900591,62440
710001,44.93139340000001,-93.08052409999999,83,187885937,55352
710001,44.9299437,-93.07840709999999,84,3093399072,20280
710001,44.92974379999999,-93.0779688,85,187930997,73015
710001,44.92949649999999,-93.07682750000001,86,187931000,73016
710001,44.92935489999999,-93.07632109999999,87,652974763,73154
710001,44.928951299999994,-93.0749755,88,187921668,70221
710001,44.92846420000001,-93.073217,89,187874284,50291
710001,44.927627,-93.070655,90,187847781,36271
710001,44.92707599999999,-93.068955,91,187845810,35382
710001,44.926780900000004,-93.0683228,92,1990325505,28884
710001,44.92602289999999,-93.0669386,93,187931004,73017
710001,44.924828700000006,-93.06694279999999,94,187866937,46296
710001,44.9248515,-93.06495179999999,95,187866939,46298
710001,44.9239448,-93.0638174,96,653442656,50581
710001,44.9230358,-93.0631667,97,187893988,59324
710001,44.92213329999999,-93.0623918,98,187908293,65468
710001,44.91954470000002,-93.0595863,99,653442637,50577
3500001,44.951964000000004,-93.0623944,73,187850788,37582
3500001,44.9525029,-93.068852,74,187850770,37574
3500001,44.95356369999998,-93.0708973,75,524837616,4761
3500001,44.9542997,-93.0717929,76,524837650,4763
3500001,44.954221399999994,-93.07195340000001,77,524837661,4764
3500001,44.9502001,-93.0802621,78,3497288805,98429
3500001,44.9486069,-93.08362890000001,79,187866382,45985
3500001,44.949242600000005,-93.08424740000001,80,187890516,57483
3500001,44.9493482,-93.0843403,81,1392859216,126324
3500001,44.9494268,-93.0844074,82,187890517,57484
3500001,44.95014940000001,-93.08509620000001,83,2053025178,150855
3500001,44.9506366,-93.0855533,84,962133964,11188
3500001,44.95083069999999,-93.0861645,85,1888749444,84899
3500001,44.9506171,-93.0866025,86,187867604,46666
3500001,44.9500656,-93.0877584,87,187942357,77077
3500001,44.94951569999999,-93.0889131,88,187916875,68609
3500001,44.9488806,-93.0902397,89,187854529,39425
3500001,44.94822839999999,-93.091634,90,187899923,62146
3500001,44.9476402,-93.0928707,91,187858777,41991
3500001,44.9470709,-93.0940445,92,187923585,70841
3500001,44.9464948,-93.0952494,93,187865924,45691
3500001,44.94604229999998,-93.0961915,94,1554214921,69793
3500001,44.946026700000004,-93.0964943,95,187865910,45683
3500001,44.94606199999999,-93.096851,96,187865914,45685
3500001,44.9460884,-93.0971839,97,498645316,7688
3500001,44.9461092,-93.0974011,98,187865915,45687
3500001,44.94632840000001,-93.0996457,99,519336968,100784
3550003,44.951964000000004,-93.0623944,24,187850788,37582
3550003,44.95489349999999,-93.0738084,25,187872100,49133
3550003,44.95471479999999,-93.07856899999999,26,187872081,49127
3550003,44.95267309999999,-93.0838842,27,187872060,49113
3550003,44.95270709999999,-93.0875834,28,961117649,19614
3550003,44.95404340000001,-93.08964870000001,29,961116213,19288
3550003,44.9524072,-93.0965527,30,961086473,11354
3550003,44.95196920000001,-93.0975073,31,956548685,77118
3550003,44.95126040000001,-93.0989793,32,956548221,76969
3550003,44.9508859,-93.1044842,33,954746986,4219
3550003,44.950950299999995,-93.10717149999999,34,954746994,4220
3550003,44.9510882,-93.11378409999999,35,944510784,87631
3550003,44.9515856,-93.1181025,36,944511170,87939
3550003,44.9517857,-93.1204425,37,944511250,87982
3550003,44.9518502,-93.13520849999999,38,187846702,35754
3550003,44.951853699999994,-93.1413775,39,187850438,37457
940001,44.94774149999999,-93.08549609999999,1,187866380,45983
940001,44.948427,-93.08616440000002,2,1392859197,126312
940001,44.94899510000001,-93.08504270000002,3,1392859207,126316
940001,44.9490788,-93.08512320000001,4,187867601,46663
940001,44.9498132,-93.0858334,5,187867603,46665
940001,44.95014940000001,-93.08509620000001,6,2053025178,150855
940001,44.9506366,-93.0855533,7,962133964,11188
940001,44.95083069999999,-93.0861645,8,1888749444,84899
940001,44.9506171,-93.0866025,9,187867604,46666
940001,44.9500656,-93.0877584,10,187942357,77077
940001,44.94951569999999,-93.0889131,11,187916875,68609
940001,44.9488806,-93.0902397,12,187854529,39425
940001,44.94822839999999,-93.091634,13,187899923,62146
940001,44.9476402,-93.0928707,14,187858777,41991
940001,44.9470709,-93.0940445,15,187923585,70841
940001,44.9464948,-93.0952494,16,187865924,45691
940001,44.94604229999998,-93.0961915,17,1554214921,69793
940001,44.946026700000004,-93.0964943,18,187865910,45683
940001,44.94606199999999,-93.096851,19,187865914,45685
940001,44.9460884,-93.0971839,20,498645316,7688
940001,44.9461092,-93.0974011,21,187865915,45687
940001,44.94632840000001,-93.0996457,22,519336968,100784
940001,44.9463936,-93.10035740000001,23,519336966,100782
940001,44.9464276,-93.1006816,24,187865920,45688
940001,44.9465966,-93.1023332,25,187850835,37609
940001,44.9510882,-93.11378409999999,26,944510784,87631
940001,44.9515856,-93.1181025,27,944511170,87939
940001,44.9517857,-93.1204425,28,944511250,87982
940001,44.9518502,-93.13520849999999,29,187846702,35754
940001,44.951853699999994,-93.1413775,30,187850438,37457
940002,44.94774149999999,-93.08549609999999,1,187866380,45983
940002,44.948427,-93.08616440000002,2,1392859197,126312
940002,44.94899510000001,-93.08504270000002,3,1392859207,126316
940002,44.9490788,-93.08512320000001,4,187867601,46663
940002,44.9498132,-93.0858334,5,187867603,46665
940002,44.95014940000001,-93.08509620000001,6,2053025178,150855
940002,44.9506366,-93.0855533,7,962133964,11188
940002,44.95083069999999,-93.0861645,8,1888749444,84899
940002,44.9506171,-93.0866025,9,187867604,46666
940002,44.9500656,-93.0877584,10,187942357,77077
940002,44.94951569999999,-93.0889131,11,187916875,68609
940002,44.9488806,-93.0902397,12,187854529,39425
940002,44.94822839999999,-93.091634,13,187899923,62146
940002,44.9476402,-93.0928707,14,187858777,41991
940002,44.9470709,-93.0940445,15,187923585,70841
940002,44.9464948,-93.0952494,16,187865924,45691
940002,44.94604229999998,-93.0961915,17,1554214921,69793
940002,44.946026700000004,-93.0964943,18,187865910,45683
940002,44.94606199999999,-93.096851,19,187865914,45685
940002,44.9460884,-93.0971839,20,498645316,7688
940002,44.9461092,-93.0974011,21,187865915,45687
940002,44.94632840000001,-93.0996457,22,519336968,100784
940002,44.9463936,-93.10035740000001,23,519336966,100782
940002,44.9464276,-93.1006816,24,187865920,45688
940002,44.9465966,-93.1023332,25,187850835,37609
940002,44.9510882,-93.11378409999999,26,944510784,87631
940002,44.9515856,-93.1181025,27,944511170,87939
940002,44.9517857,-93.1204425,28,944511250,87982
940002,44.9518502,-93.13520849999999,29,187846702,35754
940002,44.951853699999994,-93.1413775,30,187850438,37457
940004,44.95166849999999,-93.1414121,34,187853251,38765
940004,44.95164929999999,-93.1348503,35,187846078,35491
940004,44.951627299999984,-93.1210368,36,944511281,87993
940004,44.9515628,-93.1199693,37,944511371,88048
940004,44.95109959999999,-93.11573680000001,38,944511379,88054
940004,44.950544,-93.1096115,39,944510889,87692
940004,44.94646070000001,-93.1024561,40,772371528,19077
940004,44.94613270000001,-93.10197410000002,41,772371529,19078
940004,44.945904,-93.1016213,42,519336956,100779
940004,44.94579470000002,-93.1014616,43,772371518,19073
940004,44.94565579999999,-93.10115090000001,44,772371510,19072
940004,44.9451338,-93.0975656,45,187863167,44250
940004,44.9451469,-93.09666690000002,46,187863166,44252
940004,44.9451795,-93.09564499999999,47,187863165,44249
940004,44.9456837,-93.09447370000001,48,187863178,44259
940004,44.9462704,-93.0932595,49,187923583,70839
940004,44.94685020000001,-93.0920708,50,187858776,41990
940004,44.9474358,-93.09086440000002,51,187899922,62145
940004,44.9480786,-93.089477,52,187854528,39430
940004,44.9487217,-93.08811570000002,53,187916873,68608
940004,44.9492636,-93.08698620000001,54,187940544,76167
940004,44.9498132,-93.0858334,55,187867603,46665
940004,44.95014940000001,-93.08509620000001,56,2053025178,150855
940004,44.9494268,-93.0844074,57,187890517,57484
940004,44.9490788,-93.08512320000001,58,187867601,46663
940004,44.94899510000001,-93.08504270000002,59,1392859207,126316
940004,44.94826139999999,-93.0843372,60,187866381,45984
940004,44.94774149999999,-93.08549609999999,61,187866380,45983
3650001,44.951964000000004,-93.0623944,43,187850788,37582
3650001,44.95489349999999,-93.0738084,44,187872100,49133
3650001,44.95471479999999,-93.07856899999999,45,187872081,49127
3650001,44.95267309999999,-93.0838842,46,187872060,49113
3650001,44.95270709999999,-93.0875834,47,961117649,19614
3650001,44.95404340000001,-93.08964870000001,48,961116213,19288
3650001,44.9524072,-93.0965527,49,961086473,11354
3650001,44.95196920000001,-93.0975073,50,956548685,77118
3650001,44.95126040000001,-93.0989793,51,956548221,76969
3650001,44.9508859,-93.1044842,52,954746986,4219
3650001,44.950950299999995,-93.10717149999999,53,954746994,4220
3650001,44.9510882,-93.11378409999999,54,944510784,87631
3650001,44.9515856,-93.1181025,55,944511170,87939
3650001,44.9517857,-93.1204425,56,944511250,87982
3650001,44.9518502,-93.13520849999999,57,187846702,35754
3650001,44.951853699999994,-93.1413775,58,187850438,37457
2650002,44.980654,-93.088891,124,187849454,36959
2650002,44.97311489999999,-93.0887801,125,187849411,36945
2650002,44.97161140000001,-93.0887973,126,187881647,53818
2650002,44.9669245,-93.08932270000001,127,2307229073,131220
2650002,44.9609315,-93.0906255,128,187848830,36683
2650002,44.9592749,-93.09079820000001,129,187881692,53828
2650002,44.95751309999999,-93.09099520000001,130,961116065,19268
2650002,44.953655700000006,-93.0907887,131,961069470,8237
2650002,44.95320799999999,-93.09049920000001,132,187852319,38340
2650002,44.9524894,-93.0897628,133,187946605,79139
2650002,44.9516087,-93.0891904,134,187945193,78340
2650002,44.950928399999995,-93.0885615,135,187916225,68420
2650002,44.9500656,-93.0877584,136,187942357,77077
2650002,44.94951569999999,-93.0889131,137,187916875,68609
2650002,44.9488806,-93.0902397,138,187854529,39425
2650002,44.94822839999999,-93.091634,139,187899923,62146
2650002,44.9476402,-93.0928707,140,187858777,41991
2650002,44.9470709,-93.0940445,141,187923585,70841
2650002,44.9464948,-93.0952494,142,187865924,45691
2650002,44.94604229999998,-93.0961915,143,1554214921,69793
2650002,44.946026700000004,-93.0964943,144,187865910,45683
2650002,44.94606199999999,-93.096851,145,187865914,45685
2650002,44.9460884,-93.0971839,146,498645316,7688
2650002,44.9461092,-93.0974011,147,187865915,45687
2650002,44.94632840000001,-93.0996457,148,519336968,100784
2650002,44.9463936,-93.10035740000001,149,519336966,100782
2650002,44.9464276,-93.1006816,150,187865920,45688
2650002,44.9465966,-93.1023332,151,187850835,37609
2650002,44.94646070000001,-93.1024561,152,772371528,19077
2650002,44.94569849999999,-93.10346159999999,153,2095737153,38696
2620002,44.98281660000001,-93.1059037,151,187926851,71838
2620002,44.9809895,-93.10591009999999,152,187863636,44480
2620002,44.98098399999999,-93.107178,153,187863634,44477
2620002,44.9791931,-93.1071971,154,187907266,65063
2620002,44.9773945,-93.10721870000002,155,187873494,49779
2620002,44.97738499999999,-93.105921,156,187873496,49783
2620002,44.977388,-93.10369399999999,157,187855744,40179
2620002,44.97739,-93.101484,158,187869078,47478
2620002,44.977395200000004,-93.0989908,159,187865990,45746
2620002,44.97717779999999,-93.0976958,160,697205708,147069
2620002,44.97684869999999,-93.0963903,161,697205719,147076
2620002,44.9767349,-93.09570649999999,162,1209385743,135798
2620002,44.97686389999999,-93.0906893,163,697205747,147092
2620002,44.97696409999999,-93.0896695,164,697205752,147096
2620002,44.97311489999999,-93.0887801,165,187849411,36945
2620002,44.97161140000001,-93.0887973,166,187881647,53818
2620002,44.9669245,-93.08932270000001,167,2307229073,131220
2620002,44.9609315,-93.0906255,168,187848830,36683
2620002,44.95798179999999,-93.09164720000001,169,1200569479,160256
2620002,44.9578771,-93.0927975,170,1200569437,160244
2620002,44.9560631,-93.09697390000001,171,1200569571,160281
2620002,44.95601440000001,-93.0970818,172,1200569471,160254
2620002,44.95586090000001,-93.0975515,173,1200569546,160278
2620002,44.95587349999998,-93.09888829999998,174,187899933,62153
2620002,44.9558561,-93.1037675,175,716319403,32512
2620002,44.955862200000006,-93.105962,176,695054748,134504
2620002,44.9548683,-93.10604479999999,177,695054749,134506
2620002,44.95194820000002,-93.106073,178,695054738,134498
2620002,44.95162600000001,-93.1058946,179,872108856,67157
2620002,44.95138490000001,-93.1054542,180,695054729,134496
2620002,44.9513398,-93.1052319,181,695054725,134494
2620002,44.94997209999999,-93.1003032,182,187879322,52718
3750001,44.951964000000004,-93.0623944,18,187850788,37582
3750001,44.95489349999999,-93.0738084,19,187872100,49133
3750001,44.95471479999999,-93.07856899999999,20,187872081,49127
3750001,44.95267309999999,-93.0838842,21,187872060,49113
3750001,44.95270709999999,-93.0875834,22,961117649,19614
3750001,44.95404340000001,-93.08964870000001,23,961116213,19288
3750001,44.9524072,-93.0965527,24,961086473,11354
3750001,44.95196920000001,-93.0975073,25,956548685,77118
3750001,44.95126040000001,-93.0989793,26,956548221,76969
3750001,44.9508859,-93.1044842,27,954746986,4219
3750001,44.950950299999995,-93.10717149999999,28,954746994,4220
3750001,44.9510882,-93.11378409999999,29,944510784,87631
3750001,44.9515856,-93.1181025,30,944511170,87939
3750001,44.9517857,-93.1204425,31,944511250,87982
3750001,44.9518502,-93.13520849999999,32,187846702,35754
3750001,44.951853699999994,-93.1413775,33,187850438,37457
2750004,44.980654,-93.088891,29,187849454,36959
2750004,44.97311489999999,-93.0887801,30,187849411,36945
2750004,44.97161140000001,-93.0887973,31,187881647,53818
2750004,44.9669245,-93.08932270000001,32,2307229073,131220
2750004,44.9609315,-93.0906255,33,187848830,36683
2750004,44.9592749,-93.09079820000001,34,187881692,53828
2750004,44.95751309999999,-93.09099520000001,35,961116065,19268
2750004,44.953655700000006,-93.0907887,36,961069470,8237
2750004,44.95320799999999,-93.09049920000001,37,187852319,38340
2750004,44.9524894,-93.0897628,38,187946605,79139
2750004,44.9516087,-93.0891904,39,187945193,78340
2750004,44.950928399999995,-93.0885615,40,187916225,68420
2750004,44.9500656,-93.0877584,41,187942357,77077
2750004,44.94951569999999,-93.0889131,42,187916875,68609
2750004,44.9488806,-93.0902397,43,187854529,39425
2750004,44.94822839999999,-93.091634,44,187899923,62146
2750004,44.9476402,-93.0928707,45,187858777,41991
2750004,44.9470709,-93.0940445,46,187923585,70841
2750004,44.9464948,-93.0952494,47,187865924,45691
2750004,44.94604229999998,-93.0961915,48,1554214921,69793
2750004,44.946026700000004,-93.0964943,49,187865910,45683
2750004,44.94606199999999,-93.096851,50,187865914,45685
2750004,44.9460884,-93.0971839,51,498645316,7688
2750004,44.9461092,-93.0974011,52,187865915,45687
2750004,44.94632840000001,-93.0996457,53,519336968,100784
2750004,44.9463936,-93.10035740000001,54,519336966,100782
2750004,44.9464276,-93.1006816,55,187865920,45688
2750004,44.9465966,-93.1023332,56,187850835,37609
2750004,44.94646070000001,-93.1024561,57,772371528,19077
2750004,44.94569849999999,-93.10346159999999,58,2095737153,38696
750001,44.91969180000001,-93.0880138,43,186713478,11440
750001,44.920539399999996,-93.088026,44,187855840,40253
750001,44.921372,-93.088033,45,187855838,40251
750001,44.922236700000006,-93.088039,46,187855836,40250
750001,44.923926,-93.08804599999999,47,187855832,40247
750001,44.9246806,-93.08806379999999,48,187845078,35078
750001,44.92544,-93.088049,49,187855827,40244
750001,44.92628899999999,-93.08805100000001,50,187855825,40243
750001,44.9271371,-93.08805219999999,51,1713446238,12520
750001,44.92798309999999,-93.0880568,52,187855821,40241
750001,44.92883039999998,-93.0881012,53,187855820,40240
750001,44.9296864,-93.0881205,54,187855819,40238
750001,44.92968619999999,-93.0866525,55,1713446273,12533
750001,44.9296902,-93.08517990000001,56,1713446275,12534
750001,44.9305432,-93.08519629999999,57,1713446284,12540
750001,44.9313964,-93.0852116,58,1713446297,12549
750001,44.932240500000006,-93.08464890000002,59,1713446306,12551
750001,44.93309510000002,-93.0844133,60,187912754,67034
750001,44.9338386,-93.0841584,61,187912752,67033
750001,44.93309510000002,-93.0844133,62,187912754,67034
750001,44.933090699999994,-93.08669559999998,63,1713446312,12554
750001,44.93393819999999,-93.08672709999999,64,187915105,67945
750001,44.933942299999984,-93.08596309999999,65,187896453,60562
750001,44.935008,-93.08675009999999,66,652245100,5149
750001,44.9347955,-93.08675229999999,67,187941976,76949
750001,44.93393819999999,-93.08672709999999,68,187915105,67945
750001,44.933090699999994,-93.08669559999998,69,1713446312,12554
750001,44.93309510000002,-93.0844133,70,187912754,67034
750001,44.9338386,-93.0841584,71,187912752,67033
750001,44.93737350000001,-93.08777509999999,72,652981803,75307
750001,44.937508599999994,-93.0878891,73,652981807,75309
750001,44.93943099999999,-93.0894935,74,187891386,57979
750001,44.9401736,-93.0900498,75,1425340255,116378
750001,44.94364089999999,-93.0924652,76,1425340240,116371
750001,44.9439282,-93.09276340000001,77,517224672,92310
750001,44.9440488,-93.0929031,78,517224697,92320
750001,44.9448627,-93.0936912,79,187866334,45946
750001,44.9456837,-93.09447370000001,80,187863178,44259
750001,44.9464948,-93.0952494,81,187865924,45691
750001,44.94812650000001,-93.0968453,82,519337002,100811
750001,44.948243100000006,-93.0969583,83,519337000,100806
750001,44.9490542,-93.0977157,84,187912168,66866
750001,44.94987999999999,-93.098486,85,187877905,51941
620044,44.9448627,-93.0936912,1,187866334,45946
620044,44.9456837,-93.09447370000001,2,187863178,44259
620044,44.9464948,-93.0952494,3,187865924,45691
620044,44.94812650000001,-93.0968453,4,519337002,100811
620044,44.948243100000006,-93.0969583,5,519337000,100806
620044,44.9490542,-93.0977157,6,187912168,66866
620044,44.94987999999999,-93.098486,7,187877905,51941
620044,44.950556799999994,-93.0991593,8,187850361,37424
620044,44.951001399999974,-93.0981209,9,695316163,23488
620044,44.951074299999995,-93.097836,10,695316162,23487
620044,44.9515815,-93.0966663,11,187858785,41998
620044,44.95217529999999,-93.095435,12,187887699,56120
620044,44.952961299999984,-93.09619,13,187890251,57383
620044,44.954531,-93.09788879999999,14,187888955,56845
620044,44.9552617,-93.09638340000001,15,695328254,27313
620044,44.9553393,-93.0962458,16,187848424,36532
620044,44.9557648,-93.096676,17,1906215085,147441
620044,44.9561346,-93.0965473,18,1906215094,147445
620044,44.95777300000001,-93.0927517,19,1200569516,160271
620044,44.95783719999999,-93.0917518,20,1200569578,160283
620044,44.9576611,-93.0918535,21,187848806,36677
620044,44.95514429999999,-93.0924007,22,961115885,19220
620044,44.95196920000001,-93.0975073,23,956548685,77118
620044,44.95126040000001,-93.0989793,24,956548221,76969
620044,44.9508859,-93.1044842,25,954746986,4219
620044,44.951378399999996,-93.10903470000001,26,954735058,3505
620044,44.95138000000001,-93.109863,27,516754224,118259
620044,44.9522107,-93.109773,28,516754176,118248
620044,44.9529759,-93.1094396,29,1542926073,159270
620044,44.953993200000006,-93.1092059,30,516754093,118218
620044,44.9548989,-93.10919420000002,31,516754077,118209
620044,44.9548683,-93.10604479999999,32,695054749,134506
620044,44.95194820000002,-93.106073,33,695054738,134498
620044,44.95162600000001,-93.1058946,34,872108856,67157
620044,44.95138490000001,-93.1054542,35,695054729,134496
620044,44.9513398,-93.1052319,36,695054725,134494
620044,44.9514317,-93.1051602,37,695049802,133197
620044,44.9515037,-93.1053536,38,695054726,134495
620044,44.95158519999997,-93.1055293,39,695054731,134497
620044,44.95487259999997,-93.10589920000001,40,187917230,68705
620044,44.955862200000006,-93.105962,41,695054748,134504
620044,44.9567094,-93.10595529999999,42,187883193,54315
620044,44.956841400000016,-93.1059563,43,187883253,54352
620044,44.95761509999999,-93.1059494,44,187945139,78303
620044,44.9579209,-93.10595390000002,45,187945166,78323
620044,44.958623700000004,-93.1059498,46,1551122322,93131
620044,44.9590001,-93.10595390000002,47,187953343,82056
620044,44.95996829999999,-93.1059489,48,187925901,71588
620044,44.96036899999999,-93.105938,49,187890613,57528
620044,44.964814000000004,-93.105926,50,187945180,78332
620044,44.96561219999998,-93.1059372,51,187907726,65262
620044,44.96661399999999,-93.105939,52,187927985,72221
620044,44.96748680000001,-93.1059493,53,187953349,82058
620044,44.9678205,-93.1059577,54,187924470,71140
620044,44.9683733,-93.10595670000001,55,187942652,77154
620044,44.9689916,-93.1059645,56,187952466,81741
620044,44.96950369999999,-93.105972,57,187944058,77776
620044,44.97026629999999,-93.10597729999999,58,187953351,82059
620044,44.97110239999999,-93.10597220000001,59,187953353,82060
620044,44.972036200000005,-93.1059626,60,187860463,42821
620044,44.9729391,-93.1059579,61,187922367,70454
620044,44.97324029999999,-93.1059535,62,187922368,70455
620044,44.9738304,-93.1059527,63,187909950,66079
620044,44.97443200000001,-93.10594000000002,64,187942128,76998
620044,44.974699,-93.105938,65,187942126,76997
620044,44.9756143,-93.10593440000001,66,187891077,57799
620044,44.9764807,-93.10593670000002,67,187953357,82062
620044,44.97738499999999,-93.105921,68,187873496,49783
620044,44.97827700000001,-93.105914,69,187844709,34849
620044,44.979190900000006,-93.105907,70,187916437,68478
620044,44.9800943,-93.1059,71,187945427,78431
620044,44.9809895,-93.10591009999999,72,187863636,44480
620044,44.98281660000001,-93.1059037,73,187926851,71838
620042,44.98281660000001,-93.1059037,7,187926851,71838
620042,44.9809895,-93.10591009999999,8,187863636,44480
620042,44.9800943,-93.1059,9,187945427,78431
620042,44.979190900000006,-93.105907,10,187916437,68478
620042,44.97827700000001,-93.105914,11,187844709,34849
620042,44.97738499999999,-93.105921,12,187873496,49783
620042,44.9764807,-93.10593670000002,13,187953357,82062
620042,44.9756143,-93.10593440000001,14,187891077,57799
620042,44.974699,-93.105938,15,187942126,76997
620042,44.97443200000001,-93.10594000000002,16,187942128,76998
620042,44.9738304,-93.1059527,17,187909950,66079
620042,44.97324029999999,-93.1059535,18,187922368,70455
620042,44.9729391,-93.1059579,19,187922367,70454
620042,44.972036200000005,-93.1059626,20,187860463,42821
620042,44.97110239999999,-93.10597220000001,21,187953353,82060
620042,44.97026629999999,-93.10597729999999,22,187953351,82059
620042,44.96950369999999,-93.105972,23,187944058,77776
620042,44.9689916,-93.1059645,24,187952466,81741
620042,44.9683733,-93.10595670000001,25,187942652,77154
620042,44.9678205,-93.1059577,26,187924470,71140
620042,44.96748680000001,-93.1059493,27,187953349,82058
620042,44.96661399999999,-93.105939,28,187927985,72221
620042,44.96561219999998,-93.1059372,29,187907726,65262
620042,44.964814000000004,-93.105926,30,187945180,78332
620042,44.96036899999999,-93.105938,31,187890613,57528
620042,44.95996829999999,-93.1059489,32,187925901,71588
620042,44.9590001,-93.10595390000002,33,187953343,82056
620042,44.958623700000004,-93.1059498,34,1551122322,93131
620042,44.9579209,-93.10595390000002,35,187945166,78323
620042,44.95761509999999,-93.1059494,36,187945139,78303
620042,44.956841400000016,-93.1059563,37,187883253,54352
620042,44.9567094,-93.10595529999999,38,187883193,54315
620042,44.955862200000006,-93.105962,39,695054748,134504
620042,44.9548683,-93.10604479999999,40,695054749,134506
620042,44.95194820000002,-93.106073,41,695054738,134498
620042,44.95162600000001,-93.1058946,42,872108856,67157
620042,44.95138490000001,-93.1054542,43,695054729,134496
620042,44.9513398,-93.1052319,44,695054725,134494
620042,44.94997209999999,-93.1003032,45,187879322,52718
530001,44.95166849999999,-93.1414121,120,187853251,38765
530001,44.95164929999999,-93.1348503,121,187846078,35491
530001,44.951627299999984,-93.1210368,122,944511281,87993
530001,44.9515628,-93.1199693,123,944511371,88048
530001,44.95109959999999,-93.11573680000001,124,944511379,88054
530001,44.950544,-93.1096115,125,944510889,87692
530001,44.94646070000001,-93.1024561,126,772371528,19077
530001,44.94613270000001,-93.10197410000002,127,772371529,19078
530001,44.945904,-93.1016213,128,519336956,100779
530001,44.94579470000002,-93.1014616,129,772371518,19073
530001,44.94565579999999,-93.10115090000001,130,772371510,19072
530001,44.9451338,-93.0975656,131,187863167,44250
530001,44.9451469,-93.09666690000002,132,187863166,44252
530001,44.9451795,-93.09564499999999,133,187863165,44249
530001,44.9456837,-93.09447370000001,134,187863178,44259
530001,44.9462704,-93.0932595,135,187923583,70839
530001,44.94685020000001,-93.0920708,136,187858776,41990
530001,44.9474358,-93.09086440000002,137,187899922,62145
530001,44.9480786,-93.089477,138,187854528,39430
530001,44.9487217,-93.08811570000002,139,187916873,68608
530001,44.9492636,-93.08698620000001,140,187940544,76167
530001,44.9498132,-93.0858334,141,187867603,46665
530001,44.9506171,-93.0866025,142,187867604,46666
530001,44.9514804,-93.0874119,143,187867607,46668
530001,44.9517012,-93.0870566,144,187869044,47455
530001,44.95289369999999,-93.08524659999999,145,187915918,68323
530001,44.9531246,-93.08421779999999,146,187891937,58303
530001,44.953446,-93.0833421,147,507944534,149204
530001,44.95415500000001,-93.0839168,148,1200569598,160289
530001,44.9557454,-93.0847486,149,187908324,65489
530001,44.95574469999998,-93.08489499999999,150,1200569431,160240
530001,44.955747,-93.088713,151,187908318,65486
530001,44.957063,-93.088717,152,187891140,57840
530001,44.957847999999984,-93.088719,153,187915041,67918
530002,44.95574469999998,-93.08489499999999,1,1200569431,160240
530002,44.9540992,-93.0840567,2,1200569497,160264
530002,44.953737,-93.08480000000002,3,187891939,58304
530002,44.9531246,-93.08421779999999,4,187891937,58303
530002,44.95289369999999,-93.08524659999999,5,187915918,68323
530002,44.9517012,-93.0870566,6,187869044,47455
530002,44.9514804,-93.0874119,7,187867607,46668
530002,44.9506171,-93.0866025,8,187867604,46666
530002,44.9500656,-93.0877584,9,187942357,77077
530002,44.94951569999999,-93.0889131,10,187916875,68609
530002,44.9488806,-93.0902397,11,187854529,39425
530002,44.94822839999999,-93.091634,12,187899923,62146
530002,44.9476402,-93.0928707,13,187858777,41991
530002,44.9470709,-93.0940445,14,187923585,70841
530002,44.9464948,-93.0952494,15,187865924,45691
530002,44.94604229999998,-93.0961915,16,1554214921,69793
530002,44.946026700000004,-93.0964943,17,187865910,45683
530002,44.94606199999999,-93.096851,18,187865914,45685
530002,44.9460884,-93.0971839,19,498645316,7688
530002,44.9461092,-93.0974011,20,187865915,45687
530002,44.94632840000001,-93.0996457,21,519336968,100784
530002,44.9463936,-93.10035740000001,22,519336966,100782
530002,44.9464276,-93.1006816,23,187865920,45688
530002,44.9465966,-93.1023332,24,187850835,37609
530002,44.9510882,-93.11378409999999,25,944510784,87631
530002,44.9515856,-93.1181025,26,944511170,87939
530002,44.9517857,-93.1204425,27,944511250,87982
530002,44.9518502,-93.13520849999999,28,187846702,35754
530002,44.951853699999994,-93.1413775,29,187850438,37457
3640001,44.94591830000001,-93.08557359999999,93,445756884,24149
3640001,44.94649800000001,-93.0861762,94,187916865,68604
3640001,44.9471342,-93.0866994,95,187866377,45981
3640001,44.94826139999999,-93.0843372,96,187866381,45984
3640001,44.9486069,-93.08362890000001,97,187866382,45985
3640001,44.949242600000005,-93.08424740000001,98,187890516,57483
3640001,44.9493482,-93.0843403,99,1392859216,126324
3640001,44.9494268,-93.0844074,100,187890517,57484
3640001,44.95014940000001,-93.08509620000001,101,2053025178,150855
3640001,44.9506366,-93.0855533,102,962133964,11188
3640001,44.95083069999999,-93.0861645,103,1888749444,84899
3640001,44.9506171,-93.0866025,104,187867604,46666
3640001,44.9500656,-93.0877584,105,187942357,77077
3640001,44.94951569999999,-93.0889131,106,187916875,68609
3640001,44.9488806,-93.0902397,107,187854529,39425
3640001,44.94822839999999,-93.091634,108,187899923,62146
3640001,44.9476402,-93.0928707,109,187858777,41991
3640001,44.9470709,-93.0940445,110,187923585,70841
3640001,44.9464948,-93.0952494,111,187865924,45691
3640001,44.94604229999998,-93.0961915,112,1554214921,69793
3640001,44.946026700000004,-93.0964943,113,187865910,45683
3640001,44.94606199999999,-93.096851,114,187865914,45685
3640001,44.9460884,-93.0971839,115,498645316,7688
3640001,44.9461092,-93.0974011,116,187865915,45687
3640001,44.94632840000001,-93.0996457,117,519336968,100784
3640001,44.9463936,-93.10035740000001,118,519336966,100782
3640001,44.9464276,-93.1006816,119,187865920,45688
3640001,44.9465966,-93.1023332,120,187850835,37609
3640001,44.94646070000001,-93.1024561,121,772371528,19077
3640001,44.94569849999999,-93.10346159999999,122,2095737153,38696
3510001,44.951964000000004,-93.0623944,28,187850788,37582
3510001,44.9525029,-93.068852,29,187850770,37574
3510001,44.95356369999998,-93.0708973,30,524837616,4761
3510001,44.9542997,-93.0717929,31,524837650,4763
3510001,44.954221399999994,-93.07195340000001,32,524837661,4764
3510001,44.9502001,-93.0802621,33,3497288805,98429
3510001,44.9486069,-93.08362890000001,34,187866382,45985
3510001,44.949242600000005,-93.08424740000001,35,187890516,57483
3510001,44.9493482,-93.0843403,36,1392859216,126324
3510001,44.9494268,-93.0844074,37,187890517,57484
3510001,44.95014940000001,-93.08509620000001,38,2053025178,150855
3510001,44.9506366,-93.0855533,39,962133964,11188
3510001,44.95083069999999,-93.0861645,40,1888749444,84899
3510001,44.9506171,-93.0866025,41,187867604,46666
3510001,44.9500656,-93.0877584,42,187942357,77077
3510001,44.94951569999999,-93.0889131,43,187916875,68609
3510001,44.9488806,-93.0902397,44,187854529,39425
3510001,44.94822839999999,-93.091634,45,187899923,62146
3510001,44.9476402,-93.0928707,46,187858777,41991
3510001,44.9470709,-93.0940445,47,187923585,70841
3510001,44.9464948,-93.0952494,48,187865924,45691
3510001,44.94604229999998,-93.0961915,49,1554214921,69793
3510001,44.946026700000004,-93.0964943,50,187865910,45683
3510001,44.94606199999999,-93.096851,51,187865914,45685
3510001,44.9460884,-93.0971839,52,498645316,7688
3510001,44.9461092,-93.0974011,53,187865915,45687
3510001,44.94632840000001,-93.0996457,54,519336968,100784
3510001,44.9463936,-93.10035740000001,55,519336966,100782
3510001,44.9464276,-93.1006816,56,187865920,45688
3510001,44.9465966,-93.1023332,57,187850835,37609
3510001,44.94646070000001,-93.1024561,58,772371528,19077
3510001,44.94569849999999,-93.10346159999999,59,2095737153,38696
3510003,44.94569849999999,-93.10346159999999,1,2095737153,38696
3510003,44.94646070000001,-93.1024561,2,772371528,19077
3510003,44.94613270000001,-93.10197410000002,3,772371529,19078
3510003,44.945904,-93.1016213,4,519336956,100779
3510003,44.94579470000002,-93.1014616,5,772371518,19073
3510003,44.94565579999999,-93.10115090000001,6,772371510,19072
3510003,44.9451338,-93.0975656,7,187863167,44250
3510003,44.9451469,-93.09666690000002,8,187863166,44252
3510003,44.9451795,-93.09564499999999,9,187863165,44249
3510003,44.9456837,-93.09447370000001,10,187863178,44259
3510003,44.9462704,-93.0932595,11,187923583,70839
3510003,44.94685020000001,-93.0920708,12,187858776,41990
3510003,44.9474358,-93.09086440000002,13,187899922,62145
3510003,44.9480786,-93.089477,14,187854528,39430
3510003,44.9487217,-93.08811570000002,15,187916873,68608
3510003,44.9492636,-93.08698620000001,16,187940544,76167
3510003,44.9498132,-93.0858334,17,187867603,46665
3510003,44.95014940000001,-93.08509620000001,18,2053025178,150855
3510003,44.9506366,-93.0855533,19,962133964,11188
3510003,44.9509022,-93.085722,20,962133341,11094
3510003,44.95249669999999,-93.08365129999999,21,962133316,11090
3510003,44.9534432,-93.08063229999999,22,1068314151,121374
3510003,44.95352539999998,-93.08043,23,1068314145,121370
3510003,44.954426899999994,-93.0774874,24,187871774,48963
3510003,44.95176069999998,-93.0626608,25,187847654,36237
3610002,44.94591830000001,-93.08557359999999,28,445756884,24149
3610002,44.94649800000001,-93.0861762,29,187916865,68604
3610002,44.9471342,-93.0866994,30,187866377,45981
3610002,44.94826139999999,-93.0843372,31,187866381,45984
3610002,44.9486069,-93.08362890000001,32,187866382,45985
3610002,44.949242600000005,-93.08424740000001,33,187890516,57483
3610002,44.9493482,-93.0843403,34,1392859216,126324
3610002,44.9494268,-93.0844074,35,187890517,57484
3610002,44.95014940000001,-93.08509620000001,36,2053025178,150855
3610002,44.9506366,-93.0855533,37,962133964,11188
3610002,44.95083069999999,-93.0861645,38,1888749444,84899
3610002,44.9506171,-93.0866025,39,187867604,46666
3610002,44.9500656,-93.0877584,40,187942357,77077
3610002,44.94951569999999,-93.0889131,41,187916875,68609
3610002,44.9488806,-93.0902397,42,187854529,39425
3610002,44.94822839999999,-93.091634,43,187899923,62146
3610002,44.9476402,-93.0928707,44,187858777,41991
3610002,44.9470709,-93.0940445,45,187923585,70841
3610002,44.9464948,-93.0952494,46,187865924,45691
3610002,44.94604229999998,-93.0961915,47,1554214921,69793
3610002,44.946026700000004,-93.0964943,48,187865910,45683
3610002,44.94606199999999,-93.096851,49,187865914,45685
3610002,44.9460884,-93.0971839,50,498645316,7688
3610002,44.9461092,-93.0974011,51,187865915,45687
3610002,44.94632840000001,-93.0996457,52,519336968,100784
3610002,44.9463936,-93.10035740000001,53,519336966,100782
3610002,44.9464276,-93.1006816,54,187865920,45688
3610002,44.9465966,-93.1023332,55,187850835,37609
3610002,44.94646070000001,-93.1024561,56,772371528,19077
3610002,44.94569849999999,-93.10346159999999,57,2095737153,38696
3610003,44.94569849999999,-93.10346159999999,1,2095737153,38696
3610003,44.94646070000001,-93.1024561,2,772371528,19077
3610003,44.94613270000001,-93.10197410000002,3,772371529,19078
3610003,44.945904,-93.1016213,4,519336956,100779
3610003,44.94579470000002,-93.1014616,5,772371518,19073
3610003,44.94565579999999,-93.10115090000001,6,772371510,19072
3610003,44.9451338,-93.0975656,7,187863167,44250
3610003,44.9451469,-93.09666690000002,8,187863166,44252
3610003,44.9451795,-93.09564499999999,9,187863165,44249
3610003,44.9456837,-93.09447370000001,10,187863178,44259
3610003,44.9462704,-93.0932595,11,187923583,70839
3610003,44.94685020000001,-93.0920708,12,187858776,41990
3610003,44.9474358,-93.09086440000002,13,187899922,62145
3610003,44.9480786,-93.089477,14,187854528,39430
3610003,44.9487217,-93.08811570000002,15,187916873,68608
3610003,44.9492636,-93.08698620000001,16,187940544,76167
3610003,44.94853320000001,-93.08626170000001,17,187952707,81820
3610003,44.9479764,-93.08740329999999,18,187916871,68606
3610003,44.94731390000001,-93.0887276,19,187854527,39424
3610003,44.946520699999994,-93.0879958,20,187854526,39422
3610003,44.94578359999999,-93.08705529999999,21,187854525,39420
3610003,44.9454949,-93.08659329999999,22,445756913,24151
3610003,44.94542950000001,-93.0864239,23,90348271,45635
3610003,44.9457485,-93.0856673,24,445756862,24143
9020011,44.948165,-93.08689,1,rail73,171269
9020011,44.946065999999995,-93.092203,2,rail74,171270
9020011,44.95057600000001,-93.09735500000001,3,rail75,171271
9020011,44.954207000000004,-93.09748,4,rail76,171272
9020011,44.955901000000004,-93.105376,5,rail77,171273
9020011,44.955859000000004,-93.116366,6,rail78,171274
9020011,44.955825,-93.126602,7,rail79,171275
9020011,44.955824,-93.13668100000001,8,rail80,171276
9020001,44.95564099999999,-93.146276,18,rail64,171260
9020001,44.95561899999999,-93.13630500000001,19,rail65,171261
9020001,44.955620999999994,-93.125945,20,rail66,171262
9020001,44.955666,-93.115961,21,rail67,171263
9020001,44.95579099999999,-93.105323,22,rail68,171264
9020001,44.9541,-93.097358,23,rail69,171265
9020001,44.95050099999999,-93.097528,24,rail70,171266
9020001,44.946103,-93.092444,25,rail71,171267
9020001,44.948267,-93.08668,26,rail72,171268
4840095,44.90758080000001,-93.14193279999999,92,187851838,38121
4840095,44.9131007,-93.1441912,93,322918081,161596
4840095,44.917289399999994,-93.1444762,94,187848773,36660
4840095,44.923321,-93.1448675,95,187853568,38918
4840095,44.92521489999999,-93.1449858,96,187882750,54171
4840095,44.9304095,-93.1416711,97,187853181,38729
4840095,44.931633700000006,-93.131315,98,187882807,54177
4840095,44.9361485,-93.1237182,99,187851025,37724
4840095,44.9390666,-93.1176348,100,187882846,54183
4840095,44.9445843,-93.1072824,101,187882877,54189
4840095,44.94610379999999,-93.104163,102,517223461,91814
4840095,44.94535670000001,-93.10390460000002,103,187890511,57481
4840095,44.9454642,-93.1037683,104,517223164,91685
4840095,44.94569849999999,-93.10346159999999,105,2095737153,38696
4840095,44.94646070000001,-93.1024561,106,772371528,19077
4840095,44.94613270000001,-93.10197410000002,107,772371529,19078
4840095,44.945904,-93.1016213,108,519336956,100779
4840095,44.94579470000002,-93.1014616,109,772371518,19073
4840095,44.94565579999999,-93.10115090000001,110,772371510,19072
4840095,44.9451338,-93.0975656,111,187863167,44250
4840095,44.9451469,-93.09666690000002,112,187863166,44252
4840095,44.9451795,-93.09564499999999,113,187863165,44249
4840095,44.9456837,-93.09447370000001,114,187863178,44259
4840095,44.9462704,-93.0932595,115,187923583,70839
4840095,44.94685020000001,-93.0920708,116,187858776,41990
4840095,44.9474358,-93.09086440000002,117,187899922,62145
4840095,44.9480786,-93.089477,118,187854528,39430
4840095,44.9487217,-93.08811570000002,119,187916873,68608
4840095,44.9492636,-93.08698620000001,120,187940544,76167
4840095,44.9498132,-93.0858334,121,187867603,46665
4840095,44.95014940000001,-93.08509620000001,122,2053025178,150855
4840095,44.9494268,-93.0844074,123,187890517,57484
4840095,44.9490788,-93.08512320000001,124,187867601,46663
4840095,44.94899510000001,-93.08504270000002,125,1392859207,126316
4840095,44.94826139999999,-93.0843372,126,187866381,45984
4840095,44.94774149999999,-93.08549609999999,127,187866380,45983
4840095,44.9471342,-93.0866994,128,187866377,45981
4800212,44.90758080000001,-93.14193279999999,52,187851838,38121
4800212,44.9131007,-93.1441912,53,322918081,161596
4800212,44.917289399999994,-93.1444762,54,187848773,36660
4800212,44.923321,-93.1448675,55,187853568,38918
4800212,44.92521489999999,-93.1449858,56,187882750,54171
4800212,44.9304095,-93.1416711,57,187853181,38729
4800212,44.931633700000006,-93.131315,58,187882807,54177
4800212,44.9361485,-93.1237182,59,187851025,37724
4800212,44.9390666,-93.1176348,60,187882846,54183
4800212,44.9445843,-93.1072824,61,187882877,54189
4800212,44.94610379999999,-93.104163,62,517223461,91814
4800212,44.94535670000001,-93.10390460000002,63,187890511,57481
4800212,44.9454642,-93.1037683,64,517223164,91685
4800212,44.94569849999999,-93.10346159999999,65,2095737153,38696
4800212,44.94646070000001,-93.1024561,66,772371528,19077
4800212,44.94613270000001,-93.10197410000002,67,772371529,19078
4800212,44.945904,-93.1016213,68,519336956,100779
4800212,44.94579470000002,-93.1014616,69,772371518,19073
4800212,44.94565579999999,-93.10115090000001,70,772371510,19072
4800212,44.9451338,-93.0975656,71,187863167,44250
4800212,44.9451469,-93.09666690000002,72,187863166,44252
4800212,44.9451795,-93.09564499999999,73,187863165,44249
4800212,44.9456837,-93.09447370000001,74,187863178,44259
4800212,44.9462704,-93.0932595,75,187923583,70839
4800212,44.94685020000001,-93.0920708,76,187858776,41990
4800212,44.9474358,-93.09086440000002,77,187899922,62145
4800212,44.9480786,-93.089477,78,187854528,39430
4800212,44.9487217,-93.08811570000002,79,187916873,68608
4800212,44.9492636,-93.08698620000001,80,187940544,76167
4800212,44.9498132,-93.0858334,81,187867603,46665
4800212,44.95014940000001,-93.08509620000001,82,2053025178,150855
4800212,44.9494268,-93.0844074,83,187890517,57484
4800212,44.9490788,-93.08512320000001,84,187867601,46663
4800212,44.94899510000001,-93.08504270000002,85,1392859207,126316
4800212,44.94826139999999,-93.0843372,86,187866381,45984
4800212,44.94774149999999,-93.08549609999999,87,187866380,45983
4800212,44.9471342,-93.0866994,88,187866377,45981
4890070,44.9471342,-93.0866994,1,187866377,45981
4890070,44.94826139999999,-93.0843372,2,187866381,45984
4890070,44.94899510000001,-93.08504270000002,3,1392859207,126316
4890070,44.9490788,-93.08512320000001,4,187867601,46663
4890070,44.9498132,-93.0858334,5,187867603,46665
4890070,44.95014940000001,-93.08509620000001,6,2053025178,150855
4890070,44.9506366,-93.0855533,7,962133964,11188
4890070,44.95083069999999,-93.0861645,8,1888749444,84899
4890070,44.9506171,-93.0866025,9,187867604,46666
4890070,44.9500656,-93.0877584,10,187942357,77077
4890070,44.94951569999999,-93.0889131,11,187916875,68609
4890070,44.9488806,-93.0902397,12,187854529,39425
4890070,44.94822839999999,-93.091634,13,187899923,62146
4890070,44.9476402,-93.0928707,14,187858777,41991
4890070,44.9470709,-93.0940445,15,187923585,70841
4890070,44.9464948,-93.0952494,16,187865924,45691
4890070,44.94604229999998,-93.0961915,17,1554214921,69793
4890070,44.946026700000004,-93.0964943,18,187865910,45683
4890070,44.94606199999999,-93.096851,19,187865914,45685
4890070,44.9460884,-93.0971839,20,498645316,7688
4890070,44.9461092,-93.0974011,21,187865915,45687
4890070,44.94632840000001,-93.0996457,22,519336968,100784
4890070,44.9463936,-93.10035740000001,23,519336966,100782
4890070,44.9464276,-93.1006816,24,187865920,45688
4890070,44.9465966,-93.1023332,25,187850835,37609
4890070,44.94646070000001,-93.1024561,26,772371528,19077
4890070,44.94569849999999,-93.10346159999999,27,2095737153,38696
4890070,44.9457119,-93.1038561,28,2095737154,38698
4890070,44.94631029999999,-93.1040453,29,1003350977,138152
4890070,44.9469907,-93.1042683,30,517223490,91825
4890070,44.947064399999995,-93.1044655,31,517223307,91768
4890070,44.9470198,-93.1046478,32,4201206518,16726
4890070,44.944696,-93.1073648,33,1341826646,47257
4890070,44.93888449999999,-93.1186693,34,187882521,54119
4890070,44.937770799999996,-93.1212287,35,187882536,54125
4890070,44.9318986,-93.1309959,36,187852589,38443
4890070,44.9313102,-93.1395789,37,3071141242,137686
